c ---- [ banner ] ------------------------------------------------------------
c
c Kissat SAT Solver
c 
c Copyright (c) 2021-2023 Armin Biere University of Freiburg
c Copyright (c) 2019-2021 Armin Biere Johannes Kepler University Linz
c 
c Version 3.1.1 71caafb4d182ced9f76cef45b00f37cc598f2a37
c Apple clang version 14.0.3 (clang-1403.0.22.14.1) -W -Wall -O3 -DNDEBUG
c Mon Nov 6 15:40:16 EST 2023 Darwin GS21851.SP.CS.CMU.EDU 22.2.0 arm64
c
c ---- [ parsing ] -----------------------------------------------------------
c
c opened and reading DIMACS file:
c
c   cnfs/packit-11.cnf
c
c parsed 'p cnf 780 3921' header
c closing input after reading 80564 bytes (79 KB)
c finished parsing after 0.00 seconds
c
c ---- [ solving ] -----------------------------------------------------------
c
c  seconds switched conflicts irredundant variables
c         MB reductions redundant    trail   remaining
c          level restarts   binary      glue
c
c *  0.00  2 0 0 0  0   0   0 720 3186 0% 0 763 98%
c {  0.00  2 0 0 0  0   0   0 720 3186 0% 0 763 98%
c i  0.00  2 109 0 0  1   3   0 721 3184 18% 0 762 98%
c i  0.00  2 109 0 0  2   4   0 721 3184 21% 0 761 97%
c i  0.00  2 110 0 0  3   6   1 721 3184 26% 1 760 97%
c i  0.00  2 112 0 0  3   9   3 721 3184 30% 2 759 97%
c i  0.00  2 114 0 0  3  15   8 721 3184 38% 3 758 97%
c i  0.00  2 109 0 0  5  21  13 721 3184 39% 4 757 97%
c i  0.00  2 104 0 0  5  26  17 721 3184 42% 4 756 97%
c i  0.00  2 85 0 0  9  47  35 723 3184 47% 5 755 97%
c i  0.00  2 72 0 0  9  71  55 726 3184 49% 4 753 96%
c i  0.00  2 70 0 0  9  83  66 726 3184 53% 5 751 96%
c i  0.00  2 65 0 0 15  97  79 726 3184 54% 5 749 96%
c i  0.00  2 50 0 0 64 166 143 729 3183 49% 7 747 96%
c i  0.00  2 41 0 0 98 322 281 739 3177 49% 7 745 95%
c i  0.01  2 37 0 0 143 515 469 743 3177 48% 8 744 95%
c i  0.01  2 36 0 0 148 570 520 744 3177 48% 8 743 95%
c i  0.01  2 35 0 0 153 635 581 745 3176 49% 8 742 95%
c i  0.01  2 35 0 0 155 660 602 746 3176 49% 8 741 95%
c i  0.01  2 35 0 0 160 693 634 746 3176 49% 8 740 95%
c
c  seconds  switched conflicts   irredundant variables
c         MB reductions   redundant      trail   remaining
c          level restarts      binary       glue
c
c -  0.01  2 34 0 1 213 1000 558 685 3173 50% 8 740 95%
c }  0.01  2 34 1 1 213 1000 558 685 3173 50% 8 740 95%
c [  0.01  2 0 1 1 213 1000 558 685 3173 0% 0 740 95%
c B  0.01  2 64 1 1 213 1002 560 685 3173 70% 5 740 95%
c i  0.01  2 71 1 1 213 1017 572 686 3171 41% 4 739 95%
c d  0.01  2 49 1 1 213 1290 842 714 3115 75% 12 736 94%
c d  0.01  2 49 1 1 213 1290 842 686 3115 75% 12 721 92%
c b  0.01  2 49 1 1 213 1290 842 686 3115 75% 12 681 87%
c u  0.01  2 49 1 1 213 1290 819 706 3115 75% 12 681 87%
c v  0.01  3 49 1 1 213 1290 813 709 3115 75% 12 681 87%
c w  0.02  3 49 1 1 213 1290 838 715 3084 75% 12 681 87%
c =  0.02  3 49 1 1 213 1290 838 751 3012 75% 12 663 85%
c d  0.02  3 49 1 1 213 1290 838 710 3012 75% 12 662 85%
c t  0.02  3 49 1 1 213 1290 838 660 3012 75% 12 662 85%
c ]  0.02  3 44 1 1 213 1497 1041 660 3012 74% 14 662 85%
c 1  0.02  3 34 1 1 213 1497 1041 660 3012 50% 8 662 85%
c
c ---- [ result ] ------------------------------------------------------------
c
s SATISFIABLE
v 1 2 -3 4 -5 6 -7 8 -9 10 11 12 13 14 15 -16 17 -18 19 -20 21 -22 23 24 -25
v 26 -27 28 -29 30 31 32 33 34 35 36 37 38 39 -40 41 -42 43 -44 45 46 47 48 49
v 50 -51 52 -53 54 -55 56 -57 58 -59 60 -61 62 -63 64 -65 66 -67 68 69 -70 71
v -72 73 -74 75 76 77 78 79 80 81 82 83 84 85 86 87 88 -89 90 -91 92 93 94 95
v 96 97 98 99 100 101 102 103 104 105 -106 107 -108 109 -110 111 -112 113 114
v -115 116 117 118 119 -120 121 -122 123 -124 125 -126 127 -128 129 -130 131
v -132 133 -134 135 -136 137 -138 139 -140 141 142 143 144 145 146 147 148 149
v 150 151 152 -153 154 -155 156 -157 158 159 -160 161 -162 163 -164 165 -166
v 167 -168 169 -170 171 -172 173 -174 175 176 177 178 -179 180 181 182 -183
v 184 -185 186 -187 188 -189 190 -191 192 -193 194 -195 196 -197 198 -199 200
v -201 202 203 204 205 206 207 208 209 210 211 212 213 214 215 216 217 218 219
v 220 221 222 223 224 225 226 227 -228 229 -230 231 -232 233 -234 235 -236 237
v -238 239 -240 241 -242 243 244 -245 246 -247 248 249 250 251 252 253 254 255
v 256 257 258 259 260 261 262 263 264 265 266 267 268 -269 270 271 272 -273
v 274 -275 276 -277 278 -279 280 -281 282 -283 284 -285 286 -287 288 -289 290
v 291 -292 293 294 -295 296 -297 298 299 300 301 302 303 304 305 306 307 308
v 309 310 311 312 313 314 315 -316 317 318 319 320 321 322 323 324 325 326 327
v 328 329 330 331 332 -333 334 -335 336 -337 338 339 340 -341 342 -343 344
v -345 346 -347 348 -349 350 -351 352 -353 354 -355 356 -357 358 -359 360 361
v 362 -363 364 -365 366 -367 368 -369 370 -371 372 -373 374 -375 376 377 -378
v 379 -380 381 -382 383 384 -385 386 387 388 389 390 391 392 393 394 395 396
v 397 398 399 -400 401 -402 403 -404 405 -406 407 408 409 410 411 412 413 414
v 415 416 417 418 -419 420 -421 422 -423 424 -425 426 -427 428 429 -430 431
v -432 433 -434 435 -436 437 -438 439 -440 441 -442 443 -444 445 -446 447 -448
v 449 450 451 452 -453 454 -455 456 -457 458 459 -460 461 -462 463 -464 465
v -466 467 -468 469 -470 471 -472 473 474 -475 476 -477 478 -479 480 481 482
v 483 484 485 486 487 488 489 -490 491 -492 493 -494 495 496 497 -498 499 -500
v 501 502 -503 504 -505 506 -507 508 -509 510 -511 512 -513 514 -515 516 -517
v 518 519 -520 521 -522 523 -524 525 -526 527 528 529 530 531 532 533 534 -535
v 536 -537 538 -539 540 -541 542 -543 544 -545 546 -547 548 -549 550 -551 552
v -553 554 555 556 557 558 559 -560 561 -562 563 564 -565 566 -567 568 -569
v 570 -571 572 -573 574 -575 576 -577 578 -579 580 -581 582 -583 584 585 586
v 587 -588 589 -590 591 -592 593 -594 595 -596 597 -598 599 -600 601 -602 603
v -604 605 606 -607 608 609 610 611 612 -613 614 -615 616 -617 618 -619 620
v -621 622 -623 624 -625 626 -627 628 -629 630 631 632 -633 634 -635 636 637
v -638 639 -640 641 -642 643 -644 645 -646 647 -648 649 -650 651 -652 653 654
v -655 656 -657 658 -659 660 661 -662 663 -664 665 -666 667 -668 669 -670 671
v -672 673 -674 675 -676 677 678 -679 -680 -681 682 -683 684 -685 -686 687
v -688 -689 690 -691 -692 -693 -694 695 -696 697 -698 -699 -700 701 -702 703
v -704 -705 -706 707 -708 709 710 711 712 -713 714 -715 -716 -717 718 719 720
v 721 722 723 -724 725 -726 -727 -728 -729 -730 -731 -732 -733 -734 -735 -736
v -737 -738 739 -740 -741 742 -743 -744 -745 -746 -747 -748 -749 -750 751 -752
v 753 754 755 756 757 -758 759 760 -761 -762 763 -764 -765 766 767 -768 -769
v 770 -771 772 773 -774 775 776 777 -778 -779 -780 0
c
c ---- [ profiling ] ---------------------------------------------------------
c
c           0.01   57.74 %  search
c           0.01   39.36 %  focused
c           0.01   38.54 %  probe
c           0.01   38.54 %  simplify
c           0.01   25.48 %  vivify
c           0.00   18.31 %  stable
c           0.00    8.79 %  sweep
c           0.00    3.30 %  substitute
c           0.00    2.72 %  parse
c           0.00    0.57 %  reduce
c           0.00    0.56 %  transitive
c           0.00    0.39 %  backbone
c           0.00    0.00 %  extend
c =============================================
c           0.02  100.00 %  total
c
c ---- [ statistics ] --------------------------------------------------------
c
c chronological:                            8                1 %  conflicts
c conflicts:                             1497            63348.99 per second
c decisions:                            11400                7.62 per conflict
c jumped_reasons:                       88713               39 %  propagations
c propagations:                        229554          9714104    per second
c queue_decisions:                       9639               85 %  decision
c random_decisions:                       313                3 %  decision
c random_sequences:                         1             1497    interval
c reductions:                               1             1497    interval
c rephased:                                 1             1497    interval
c restarts:                               213                7.03 interval
c score_decisions:                       1448               13 %  decision
c substituted:                             33                4 %  variables
c switched:                                 1             1497    interval
c vivified:                               145                4 %  checks
c vivify_checks:                         3724             3724    per vivify
c vivify_units:                             0                0 %  variables
c
c ---- [ resources ] ---------------------------------------------------------
c
c maximum-resident-set-size:       3388997632 bytes       3232 MB
c process-time:                                              0.02 seconds
c
c ---- [ shutting down ] -----------------------------------------------------
c
c exit 10
