c ---- [ banner ] ------------------------------------------------------------
c
c Kissat SAT Solver
c 
c Copyright (c) 2021-2023 Armin Biere University of Freiburg
c Copyright (c) 2019-2021 Armin Biere Johannes Kepler University Linz
c 
c Version 3.1.1 71caafb4d182ced9f76cef45b00f37cc598f2a37
c Apple clang version 14.0.3 (clang-1403.0.22.14.1) -W -Wall -O3 -DNDEBUG
c Mon Nov 6 15:40:16 EST 2023 Darwin GS21851.SP.CS.CMU.EDU 22.2.0 arm64
c
c ---- [ parsing ] -----------------------------------------------------------
c
c opened and reading DIMACS file:
c
c   cnfs/packit-10.cnf
c
c parsed 'p cnf 611 2797' header
c closing input after reading 55838 bytes (55 KB)
c finished parsing after 0.00 seconds
c
c ---- [ solving ] -----------------------------------------------------------
c
c  seconds switched conflicts irredundant variables
c         MB reductions redundant    trail   remaining
c          level restarts   binary      glue
c
c *  0.00  2 0 0 0  0   0   0 572 2212 0% 0 592 97%
c {  0.00  2 0 0 0  0   0   0 572 2212 0% 0 592 97%
c i  0.00  2 82 0 0  0   2   1 572 2212 21% 2 591 97%
c i  0.00  2 80 0 0  0   4   2 572 2212 24% 2 590 96%
c i  0.00  2 83 0 0  0  14  10 573 2212 33% 4 589 96%
c i  0.00  2 84 0 0  0  16  11 573 2212 36% 4 588 96%
c i  0.00  2 80 0 0  0  19  13 573 2212 38% 4 587 96%
c i  0.00  2 73 0 0  0  24  17 573 2212 40% 3 586 96%
c i  0.00  2 67 0 0  1  32  24 573 2212 46% 5 585 96%
c i  0.00  2 41 0 0 18  87  76 575 2212 49% 5 584 95%
c i  0.00  2 38 0 0 25  99  86 576 2212 47% 5 583 95%
c i  0.00  2 38 0 0 25 111  97 576 2212 50% 5 581 95%
c i  0.00  2 36 0 0 25 121 106 576 2212 49% 5 580 95%
c i  0.00  2 30 0 0 57 212 192 578 2210 48% 6 578 94%
c i  0.00  2 29 0 0 92 304 275 583 2207 49% 6 576 94%
c i  0.00  2 29 0 0 94 333 303 583 2207 49% 6 574 94%
c i  0.00  2 28 0 0 103 404 366 587 2205 50% 6 573 94%
c i  0.00  2 28 0 0 103 405 366 587 2205 50% 6 572 93%
c i  0.00  2 28 0 0 103 412 372 587 2205 49% 6 571 93%
c i  0.00  2 28 0 0 126 493 452 587 2205 52% 7 570 93%
c
c  seconds  switched conflicts  irredundant variables
c         MB reductions  redundant      trail   remaining
c          level restarts     binary       glue
c
c i  0.01  2 29 0 0 142 532 488 589 2205 52% 7 569 93%
c i  0.01  2 29 0 0 143 534 489 589 2205 52% 7 568 93%
c i  0.01  2 29 0 0 149 550 504 589 2205 53% 7 567 93%
c i  0.01  2 29 0 0 150 551 504 589 2205 53% 7 566 92%
c i  0.01  2 28 0 0 180 656 603 594 2204 53% 7 565 92%
c -  0.01  2 27 0 1 254 1001 575 532 2201 55% 8 565 92%
c }  0.01  2 27 1 1 254 1001 575 532 2201 55% 8 565 92%
c [  0.01  2 0 1 1 254 1001 575 532 2201 0% 0 565 92%
c B  0.01  2 0 1 1 254 1001 575 532 2201 0% 0 565 92%
c d  0.01  2 39 1 1 254 1189 746 557 2157 44% 5 560 92%
c d  0.01  2 39 1 1 254 1189 746 535 2157 44% 5 549 90%
c b  0.01  2 39 1 1 254 1189 746 535 2157 44% 5 524 86%
c u  0.01  2 39 1 1 254 1189 717 563 2157 44% 5 524 86%
c v  0.01  2 39 1 1 254 1189 707 572 2157 44% 5 524 86%
c w  0.02  2 39 1 1 254 1189 739 583 2114 44% 5 524 86%
c =  0.02  2 39 1 1 254 1189 739 605 2114 44% 5 513 84%
c d  0.02  2 39 1 1 254 1189 738 571 2114 44% 5 513 84%
c t  0.02  2 39 1 1 254 1189 738 522 2114 44% 5 513 84%
c ]  0.02  2 37 1 1 254 1232 781 522 2114 49% 6 513 84%
c 1  0.02  2 27 1 1 254 1232 781 522 2114 55% 8 513 84%
c
c ---- [ result ] ------------------------------------------------------------
c
s SATISFIABLE
v 1 2 -3 4 -5 6 -7 8 -9 10 -11 12 -13 14 -15 16 17 18 19 -20 21 22 23 24 25 26
v 27 28 29 30 31 32 33 34 35 -36 37 -38 39 -40 41 42 43 -44 45 46 47 48 -49 50
v -51 52 -53 54 -55 56 -57 58 -59 60 -61 62 63 64 65 66 67 68 69 70 71 72 73
v 74 -75 76 -77 78 -79 80 -81 82 83 84 -85 86 -87 88 -89 90 -91 92 93 94 95
v -96 97 -98 99 -100 101 -102 103 104 105 106 107 108 109 110 111 112 113 114
v 115 -116 117 -118 119 -120 121 -122 123 -124 125 126 127 128 129 130 131 132
v 133 134 135 136 137 138 139 140 141 142 143 144 145 -146 147 -148 149 -150
v 151 -152 153 -154 155 -156 157 -158 159 -160 161 -162 163 164 165 166 167
v -168 169 -170 171 -172 173 -174 175 -176 177 -178 179 -180 181 -182 183 -184
v 185 186 187 188 189 190 191 192 193 194 195 196 197 198 199 200 201 202 203
v -204 205 206 207 -208 209 -210 211 -212 213 -214 215 -216 217 -218 219 -220
v 221 -222 223 -224 225 226 227 228 229 230 231 232 233 234 235 236 237 238
v 239 240 241 242 -243 244 -245 246 -247 248 -249 250 -251 252 253 254 255 256
v 257 258 259 260 261 262 263 264 265 266 267 268 -269 270 -271 272 -273 274
v -275 276 -277 278 -279 280 -281 282 -283 284 285 -286 287 288 289 -290 291
v -292 293 -294 295 -296 297 -298 299 -300 301 302 -303 304 -305 306 -307 308
v 309 310 311 312 313 314 315 316 317 318 319 320 321 322 -323 324 -325 326
v -327 328 329 330 -331 332 -333 334 -335 336 337 -338 339 -340 341 -342 343
v -344 345 -346 347 -348 349 350 351 352 353 354 355 356 357 358 359 360 361
v -362 363 -364 365 -366 367 -368 369 -370 371 -372 373 -374 375 -376 377 -378
v 379 380 381 382 383 384 385 386 387 388 -389 390 391 -392 393 -394 395 -396
v 397 -398 399 -400 401 -402 403 -404 405 406 -407 408 -409 410 -411 412 -413
v 414 -415 416 417 418 419 420 421 422 423 -424 425 -426 427 -428 429 -430 431
v 432 -433 434 -435 436 -437 438 -439 440 -441 442 -443 444 445 -446 447 -448
v 449 -450 451 452 453 -454 455 456 -457 458 -459 460 -461 462 -463 464 -465
v 466 -467 468 -469 470 -471 472 473 -474 475 -476 477 -478 479 -480 481 -482
v 483 -484 485 486 487 488 489 490 -491 492 -493 494 -495 496 -497 498 499 500
v 501 -502 503 -504 505 -506 507 -508 509 -510 511 -512 513 514 -515 516 -517
v 518 -519 520 -521 522 -523 524 -525 526 -527 528 529 -530 531 -532 533 -534
v -535 536 -537 -538 539 -540 -541 542 -543 -544 545 -546 547 -548 -549 550
v -551 -552 553 554 555 556 557 -558 -559 560 -561 -562 563 564 -565 566 567
v 568 569 570 571 572 573 574 575 -576 -577 -578 -579 -580 -581 -582 -583 584
v -585 -586 -587 -588 -589 -590 591 592 593 594 -595 596 -597 598 -599 -600
v -601 -602 603 -604 605 606 -607 -608 -609 610 -611 0
c
c ---- [ profiling ] ---------------------------------------------------------
c
c           0.01   55.67 %  search
c           0.01   46.66 %  focused
c           0.01   40.91 %  probe
c           0.01   40.91 %  simplify
c           0.01   26.50 %  vivify
c           0.00   10.58 %  sweep
c           0.00    8.92 %  stable
c           0.00    2.91 %  substitute
c           0.00    2.35 %  parse
c           0.00    0.63 %  reduce
c           0.00    0.51 %  transitive
c           0.00    0.40 %  backbone
c =============================================
c           0.02  100.00 %  total
c
c ---- [ statistics ] --------------------------------------------------------
c
c conflicts:                             1232            60268.08 per second
c decisions:                             9838                7.99 per conflict
c jumped_reasons:                       79686               38 %  propagations
c propagations:                        208725         10210596    per second
c queue_decisions:                       8886               90 %  decision
c random_decisions:                       298                3 %  decision
c random_sequences:                         1             1232    interval
c reductions:                               1             1232    interval
c rephased:                                 1             1232    interval
c restarts:                               254                4.85 interval
c score_decisions:                        654                7 %  decision
c substituted:                             23                4 %  variables
c switched:                                 1             1232    interval
c vivified:                               241                8 %  checks
c vivify_checks:                         2900             2900    per vivify
c vivify_units:                             0                0 %  variables
c
c ---- [ resources ] ---------------------------------------------------------
c
c maximum-resident-set-size:       2583691264 bytes       2464 MB
c process-time:                                              0.02 seconds
c
c ---- [ shutting down ] -----------------------------------------------------
c
c exit 10
