c ---- [ banner ] ------------------------------------------------------------
c
c Kissat SAT Solver
c 
c Copyright (c) 2021-2023 Armin Biere University of Freiburg
c Copyright (c) 2019-2021 Armin Biere Johannes Kepler University Linz
c 
c Version 3.1.1 71caafb4d182ced9f76cef45b00f37cc598f2a37
c Apple clang version 14.0.3 (clang-1403.0.22.14.1) -W -Wall -O3 -DNDEBUG
c Mon Nov 6 15:40:16 EST 2023 Darwin GS21851.SP.CS.CMU.EDU 22.2.0 arm64
c
c ---- [ parsing ] -----------------------------------------------------------
c
c opened and reading DIMACS file:
c
c   cnfs/packit-12.cnf
c
c parsed 'p cnf 904 4732' header
c closing input after reading 98754 bytes (96 KB)
c finished parsing after 0.00 seconds
c
c ---- [ solving ] -----------------------------------------------------------
c
c  seconds switched conflicts irredundant variables
c         MB reductions redundant    trail   remaining
c          level restarts   binary      glue
c
c *  0.00  2 0 0 0  0   0   0 832 3884 0% 0 883 98%
c {  0.00  2 0 0 0  0   0   0 832 3884 0% 0 883 98%
c i  0.00  2 124 0 0  0   2   1 832 3884 19% 2 882 97%
c i  0.00  2 126 0 0  0   5   3 832 3884 22% 3 881 97%
c i  0.00  2 127 0 0  0   8   5 832 3884 25% 3 880 97%
c i  0.00  2 127 0 0  0  27  22 832 3884 27% 5 879 97%
c i  0.00  2 125 0 0  5  59  46 835 3884 31% 6 878 97%
c i  0.00  2 126 0 0  6  63  49 835 3884 33% 6 877 97%
c i  0.00  2 125 0 0  8  67  52 835 3884 34% 6 876 97%
c i  0.00  2 108 0 0  9  84  65 837 3883 36% 6 875 97%
c i  0.00  2 88 0 0 11 131 111 837 3883 47% 6 874 97%
c i  0.00  2 86 0 0 13 138 117 837 3883 48% 7 873 96%
c i  0.00  2 84 0 0 16 141 119 837 3883 48% 7 870 96%
c i  0.00  2 73 0 0 30 177 151 840 3883 46% 7 868 96%
c i  0.00  2 67 0 0 45 213 182 842 3881 48% 7 867 96%
c i  0.00  2 54 0 0 90 353 316 847 3881 50% 7 866 96%
c i  0.00  2 54 0 0 91 357 319 847 3881 50% 7 865 96%
c i  0.00  2 51 0 0 99 424 379 853 3881 51% 8 864 95%
c i  0.01  2 51 0 0 102 438 392 853 3881 51% 7 861 95%
c i  0.01  2 51 0 0 102 444 397 853 3881 51% 7 860 95%
c
c  seconds  switched conflicts  irredundant variables
c         MB reductions  redundant      trail   remaining
c          level restarts     binary       glue
c
c i  0.01  2 49 0 0 104 510 457 857 3880 51% 8 859 95%
c i  0.01  2 45 0 0 127 705 641 864 3879 51% 8 857 95%
c i  0.01  2 44 0 0 186 928 853 870 3877 53% 8 856 95%
c -  0.01  2 43 0 1 205 1000 559 794 3877 53% 8 856 95%
c }  0.01  2 43 1 1 205 1000 559 794 3877 53% 8 856 95%
c [  0.01  2 0 1 1 205 1000 559 794 3877 0% 0 856 95%
c B  0.01  2 76 1 1 205 1001 559 795 3877 59% 1 856 95%
c d  0.01  2 85 1 1 205 1351 904 824 3821 59% 11 851 94%
c d  0.01  2 85 1 1 205 1351 904 796 3821 59% 11 837 92%
c b  0.01  2 85 1 1 205 1351 904 796 3821 59% 11 792 88%
c u  0.01  2 85 1 1 205 1351 882 815 3821 59% 11 792 88%
c v  0.02  2 85 1 1 205 1351 872 824 3821 59% 11 792 88%
c w  0.02  2 85 1 1 205 1351 909 836 3772 59% 11 792 88%
c =  0.02  2 85 1 1 205 1351 909 838 3772 59% 11 791 87%
c d  0.02  2 85 1 1 205 1351 909 831 3772 59% 11 791 87%
c t  0.02  2 85 1 1 205 1351 909 790 3772 59% 11 791 87%
c ]  0.03  2 56 1 1 205 1718 1273 790 3772 62% 12 791 87%
c 1  0.03  2 43 1 1 205 1718 1273 790 3772 53% 8 791 87%
c
c ---- [ result ] ------------------------------------------------------------
c
s SATISFIABLE
v 1 2 -3 4 -5 6 -7 8 -9 10 -11 12 -13 14 -15 16 -17 18 -19 20 21 22 23 -24 25
v 26 -27 28 29 30 31 32 33 34 35 36 37 38 39 40 41 42 43 -44 45 -46 47 -48 49
v -50 51 -52 53 -54 55 56 57 58 59 60 61 62 63 64 -65 66 -67 68 -69 70 -71 72
v -73 74 75 -76 77 -78 79 -80 81 -82 83 -84 85 -86 87 88 89 90 91 92 -93 94
v -95 96 -97 98 -99 100 -101 102 103 104 105 106 107 108 109 110 111 112 113
v 114 115 -116 117 -118 119 -120 121 -122 123 124 -125 126 127 128 129 -130
v 131 -132 133 -134 135 -136 137 -138 139 -140 141 -142 143 -144 145 -146 147
v -148 149 -150 151 152 153 154 155 156 157 158 159 160 161 162 163 164 -165
v 166 -167 168 -169 170 -171 172 173 -174 175 -176 177 -178 179 180 181 182
v -183 184 -185 186 -187 188 -189 190 -191 192 -193 194 -195 196 -197 198 199
v 200 201 202 203 204 205 206 207 208 209 210 211 212 213 214 215 216 217 218
v 219 220 221 222 223 -224 225 -226 227 -228 229 -230 231 -232 233 -234 235
v -236 237 -238 239 -240 241 -242 243 -244 245 -246 247 -248 249 250 251 252
v 253 254 255 256 257 258 259 260 261 262 263 264 265 266 267 268 269 270 271
v -272 273 -274 275 -276 277 -278 279 -280 281 -282 283 -284 285 -286 287 -288
v 289 -290 291 -292 293 294 295 296 -297 298 -299 300 -301 302 -303 304 -305
v 306 -307 308 -309 310 -311 312 -313 314 -315 316 -317 318 319 320 -321 322
v 323 324 325 326 327 328 329 330 331 332 333 334 335 336 337 338 339 340 341
v -342 343 -344 345 -346 347 -348 349 350 351 352 353 354 355 356 357 358 359
v 360 361 362 363 364 365 366 -367 368 369 -370 371 -372 373 -374 375 -376 377
v -378 379 -380 381 -382 383 -384 385 -386 387 388 -389 390 -391 392 393 394
v -395 396 -397 398 -399 400 -401 402 -403 404 -405 406 -407 408 -409 410 411
v -412 413 -414 415 -416 417 418 -419 420 421 422 423 424 425 426 427 428 429
v 430 431 432 433 434 435 -436 437 -438 439 -440 441 -442 443 444 445 446 447
v 448 449 450 451 452 453 454 455 456 457 458 -459 460 -461 462 -463 464 -465
v 466 467 -468 469 -470 471 -472 473 -474 475 -476 477 478 -479 480 -481 482
v -483 484 -485 486 -487 488 -489 490 -491 492 -493 494 -495 496 497 498 499
v 500 501 502 503 504 505 506 507 508 509 -510 511 -512 513 -514 515 516 -517
v 518 -519 520 -521 522 -523 524 -525 526 -527 528 -529 530 -531 532 -533 534
v -535 536 537 -538 539 540 541 542 -543 544 -545 546 -547 548 -549 550 -551
v 552 -553 554 -555 556 -557 558 -559 560 -561 562 -563 564 565 -566 567 -568
v 569 -570 571 -572 573 -574 575 -576 577 578 579 580 581 582 583 584 585 586
v 587 588 589 590 -591 592 593 -594 595 -596 597 -598 599 -600 601 -602 603
v -604 605 -606 607 -608 609 -610 611 -612 613 614 -615 616 -617 618 -619 620
v -621 622 -623 624 -625 626 627 628 629 630 631 632 633 634 635 -636 637 638
v 639 640 -641 642 -643 644 -645 646 -647 648 -649 650 -651 652 -653 654 -655
v 656 -657 658 -659 660 -661 662 663 -664 665 666 667 668 669 670 671 672 -673
v 674 -675 676 -677 678 -679 680 -681 682 -683 684 -685 686 687 688 -689 690
v -691 692 -693 694 -695 696 -697 698 -699 700 -701 702 703 -704 705 -706 707
v -708 709 -710 711 712 -713 714 -715 716 -717 718 -719 720 -721 722 -723 724
v 725 726 727 728 729 -730 731 -732 733 -734 735 -736 737 -738 739 -740 741
v -742 743 -744 745 -746 747 -748 749 -750 751 -752 753 -754 755 756 757 758
v -759 760 761 -762 763 -764 765 -766 767 -768 769 -770 771 -772 773 -774 775
v -776 777 -778 779 -780 781 782 -783 784 -785 -786 -787 788 789 -790 791 -792
v -793 -794 -795 -796 -797 -798 799 800 801 802 803 -804 805 -806 807 808 -809
v -810 -811 -812 813 814 815 816 -817 818 -819 820 821 822 823 -824 825 826
v 827 828 -829 830 -831 832 833 834 835 -836 837 838 839 840 841 842 843 844
v 845 846 847 848 849 850 851 852 853 854 -855 856 857 858 859 -860 -861 -862
v -863 -864 -865 -866 -867 -868 869 870 871 -872 -873 -874 875 876 -877 878
v -879 -880 -881 -882 -883 884 885 886 887 888 889 -890 -891 892 893 -894 -895
v 896 -897 -898 899 -900 -901 -902 -903 904 0
c
c ---- [ profiling ] ---------------------------------------------------------
c
c           0.02   59.00 %  search
c           0.01   37.43 %  probe
c           0.01   37.43 %  simplify
c           0.01   36.76 %  focused
c           0.01   26.44 %  vivify
c           0.01   22.17 %  stable
c           0.00    7.00 %  sweep
c           0.00    3.06 %  substitute
c           0.00    2.64 %  parse
c           0.00    0.55 %  transitive
c           0.00    0.47 %  reduce
c           0.00    0.38 %  backbone
c           0.00    0.01 %  extend
c =============================================
c           0.03  100.00 %  total
c
c ---- [ statistics ] --------------------------------------------------------
c
c chronological:                            6                0 %  conflicts
c conflicts:                             1718            60850.78 per second
c decisions:                            12887                7.50 per conflict
c jumped_reasons:                      115493               39 %  propagations
c propagations:                        294803         10441788    per second
c queue_decisions:                      10868               84 %  decision
c random_decisions:                       197                2 %  decision
c random_sequences:                         1             1718    interval
c reductions:                               1             1718    interval
c rephased:                                 1             1718    interval
c restarts:                               205                8.38 interval
c score_decisions:                       1822               14 %  decision
c substituted:                             16                2 %  variables
c switched:                                 1             1718    interval
c vivified:                               179                4 %  checks
c vivify_checks:                         4239             4239    per vivify
c vivify_units:                             0                0 %  variables
c
c ---- [ resources ] ---------------------------------------------------------
c
c maximum-resident-set-size:       2734686208 bytes       2608 MB
c process-time:                                              0.03 seconds
c
c ---- [ shutting down ] -----------------------------------------------------
c
c exit 10
