18 18 11 11 11 11 11 11 11 11 11 11 11 14 
18 18 10 10 10 10 10 10 10 10 10 10 12 14 
18 18 1 1 8 8 8 8 8 8 8 8 12 14 
18 18 16 16 16 16 16 16 16 16 19 19 12 14 
18 18 16 16 16 16 16 16 16 16 19 19 12 14 
18 18 6 6 6 6 6 6 5 4 19 19 12 14 
18 18 2 15 15 15 15 15 5 4 19 19 12 14 
18 18 2 15 15 15 15 15 5 4 19 19 12 14 
18 18 2 15 15 15 15 15 5 4 19 19 12 14 
3 7 7 7 7 7 7 7 5 4 19 19 12 14 
3 9 9 9 9 9 9 9 9 9 19 19 12 14 
3 17 17 17 17 17 17 17 17 17 19 19 12 14 
3 17 17 17 17 17 17 17 17 17 19 19 12 14 
13 13 13 13 13 13 13 13 13 13 13 13 13 14 
