15 15 15 15 15 15 15 15 15 15 15 15 15 15 15 
13 13 13 13 13 13 13 13 13 13 13 13 13 13 14 
11 11 11 11 11 11 11 11 11 11 11 11 20 20 14 
19 19 19 19 19 19 19 19 19 19 6 7 20 20 14 
19 19 19 19 19 19 19 19 19 19 6 7 20 20 14 
8 1 16 16 16 16 16 16 16 16 6 7 20 20 14 
8 1 16 16 16 16 16 16 16 16 6 7 20 20 14 
8 18 18 18 18 18 18 18 18 18 6 7 20 20 14 
8 18 18 18 18 18 18 18 18 18 6 7 20 20 14 
8 2 2 2 5 5 5 5 5 5 6 7 20 20 14 
8 9 9 9 9 9 9 9 9 9 9 7 20 20 14 
8 10 10 10 10 10 10 10 10 10 10 10 20 20 14 
8 12 12 12 12 12 12 12 12 12 12 12 12 12 14 
8 3 3 3 3 17 17 17 17 17 17 17 17 17 14 
4 4 4 4 4 17 17 17 17 17 17 17 17 17 14 
