13 13 13 13 13 13 13 13 13 13 13 13 13 11 14 15 
4 20 20 20 20 20 20 20 20 20 20 6 7 11 14 15 
4 20 20 20 20 20 20 20 20 20 20 6 7 11 14 15 
4 1 22 22 5 5 5 5 5 2 2 6 7 11 14 15 
4 1 22 22 21 21 21 21 21 21 21 6 7 11 14 15 
17 17 22 22 21 21 21 21 21 21 21 6 7 11 14 15 
17 17 22 22 21 21 21 21 21 21 21 6 7 11 14 15 
17 17 22 22 8 8 8 8 8 8 8 8 7 11 14 15 
17 17 22 22 9 9 9 9 9 9 9 9 9 11 14 15 
17 17 22 22 18 18 18 18 18 18 18 18 18 11 14 15 
17 17 22 22 18 18 18 18 18 18 18 18 18 11 14 15 
17 17 22 22 10 10 10 10 10 10 10 10 10 10 14 15 
17 17 22 22 19 19 19 19 19 19 19 19 19 19 14 15 
17 17 22 22 19 19 19 19 19 19 19 19 19 19 14 15 
12 12 12 12 12 12 12 12 12 12 12 12 3 3 3 15 
16 16 16 16 16 16 16 16 16 16 16 16 16 16 16 16 
