16 10 14 14 14 14 14 14 14 14 14 14 14 14 14 14 17 
16 10 1 20 20 9 18 18 7 7 7 7 7 7 7 7 17 
16 10 1 20 20 9 18 18 3 3 3 3 19 19 23 23 17 
16 10 13 20 20 9 18 18 6 21 21 21 19 19 23 23 17 
16 10 13 20 20 9 18 18 6 21 21 21 19 19 23 23 17 
16 10 13 20 20 9 18 18 6 21 21 21 19 19 23 23 17 
16 10 13 20 20 9 18 18 6 21 21 21 19 19 23 23 17 
16 10 13 20 20 9 18 18 6 21 21 21 19 19 23 23 17 
16 10 13 20 20 9 18 18 6 21 21 21 19 19 23 23 17 
16 10 13 20 20 9 18 18 6 21 21 21 19 19 23 23 17 
16 10 13 20 20 9 5 5 5 5 5 5 19 19 23 23 17 
16 4 13 8 8 8 8 8 8 8 8 8 19 19 23 23 17 
16 4 13 22 22 22 22 22 22 22 22 22 22 22 23 23 17 
16 4 13 22 22 22 22 22 22 22 22 22 22 22 23 23 17 
16 4 13 11 11 11 11 11 11 11 11 11 11 11 11 2 17 
16 4 13 12 12 12 12 12 12 12 12 12 12 12 12 2 17 
15 15 15 15 15 15 15 15 15 15 15 15 15 15 15 2 17 
