26 26 16 16 16 16 16 16 16 16 16 16 16 16 16 16 16 16 19 
26 26 1 1 13 13 13 13 13 13 13 13 13 13 13 13 13 18 19 
26 26 7 7 7 7 7 7 7 7 6 6 6 6 6 6 6 18 19 
26 26 22 22 22 22 22 22 22 22 22 22 22 4 21 21 21 18 19 
26 26 22 22 22 22 22 22 22 22 22 22 22 4 21 21 21 18 19 
26 26 11 11 11 11 11 11 11 11 11 11 11 4 21 21 21 18 19 
26 26 5 20 20 20 20 20 20 20 20 20 20 4 21 21 21 18 19 
26 26 5 20 20 20 20 20 20 20 20 20 20 4 21 21 21 18 19 
26 26 5 2 9 9 9 9 9 9 9 9 9 9 21 21 21 18 19 
26 26 5 2 10 10 10 10 10 10 10 10 10 10 21 21 21 18 19 
26 26 5 2 8 8 8 8 8 8 8 8 8 3 3 3 3 18 19 
26 26 5 14 14 14 14 14 14 14 14 14 14 14 14 14 14 18 19 
26 26 15 15 15 15 15 15 15 15 15 15 15 15 15 15 15 18 19 
12 12 12 12 12 12 12 12 12 12 12 12 25 25 25 25 25 18 19 
23 23 23 23 23 23 23 23 23 23 23 23 25 25 25 25 25 18 19 
23 23 23 23 23 23 23 23 23 23 23 23 25 25 25 25 25 18 19 
24 24 24 24 24 24 24 24 24 24 24 24 25 25 25 25 25 18 19 
24 24 24 24 24 24 24 24 24 24 24 24 25 25 25 25 25 18 19 
17 17 17 17 17 17 17 17 17 17 17 17 17 17 17 17 17 18 19 
