17 17 17 17 17 17 17 17 17 17 17 17 17 17 17 17 17 17 14 18 
1 3 3 3 3 12 12 12 12 12 12 12 12 12 12 12 12 12 14 18 
1 16 8 27 27 27 11 11 11 11 11 11 11 11 11 11 11 11 14 18 
15 16 8 27 27 27 7 10 10 10 10 10 10 10 10 10 10 10 14 18 
15 16 8 27 27 27 7 22 22 22 22 22 22 22 22 22 22 22 14 18 
15 16 8 27 27 27 7 22 22 22 22 22 22 22 22 22 22 22 14 18 
15 16 8 27 27 27 7 21 21 21 21 21 21 21 21 21 21 21 14 18 
15 16 8 27 27 27 7 21 21 21 21 21 21 21 21 21 21 21 14 18 
15 16 8 27 27 27 7 20 20 20 20 20 20 20 2 4 5 6 14 18 
15 16 8 27 27 27 7 20 20 20 20 20 20 20 2 4 5 6 14 18 
15 16 8 27 27 27 7 20 20 20 20 20 20 20 2 4 5 6 14 18 
15 16 26 26 26 26 26 26 26 26 26 26 26 26 26 4 5 6 14 18 
15 16 26 26 26 26 26 26 26 26 26 26 26 26 26 4 5 6 14 18 
15 16 13 13 13 13 13 13 13 13 13 13 13 13 13 13 5 6 14 18 
15 16 25 25 25 25 25 9 9 9 9 9 9 9 9 9 9 6 14 18 
15 16 25 25 25 25 25 24 24 24 24 24 24 24 24 24 24 24 24 18 
15 16 25 25 25 25 25 24 24 24 24 24 24 24 24 24 24 24 24 18 
15 16 25 25 25 25 25 23 23 23 23 23 23 23 23 23 23 23 23 18 
15 16 25 25 25 25 25 23 23 23 23 23 23 23 23 23 23 23 23 18 
19 19 19 19 19 19 19 19 19 19 19 19 19 19 19 19 19 19 19 19 
