21 29 29 1 19 25 25 25 25 25 2 2 2 8 8 8 8 8 8 8 8 
21 29 29 1 19 25 25 25 25 25 16 15 7 7 7 7 7 7 7 11 20 
21 29 29 17 19 25 25 25 25 25 16 15 14 4 4 4 4 4 10 11 20 
21 29 29 17 19 25 25 25 25 25 16 15 14 26 26 13 18 9 10 11 20 
21 29 29 17 19 25 25 25 25 25 16 15 14 26 26 13 18 9 10 11 20 
21 29 29 17 19 23 23 12 24 24 16 15 14 26 26 13 18 9 10 11 20 
21 29 29 17 19 23 23 12 24 24 16 15 14 26 26 13 18 9 10 11 20 
21 29 29 17 19 23 23 12 24 24 16 15 14 26 26 13 18 9 10 11 20 
21 29 29 17 19 23 23 12 24 24 16 15 14 26 26 13 18 9 10 11 20 
21 29 29 17 19 23 23 12 24 24 16 15 14 26 26 13 18 9 10 11 20 
21 29 29 17 19 23 23 12 24 24 16 15 14 26 26 13 18 9 10 11 20 
21 29 29 17 19 23 23 12 24 24 16 15 14 26 26 13 18 9 10 11 20 
21 29 29 17 19 23 23 12 24 24 16 15 14 26 26 13 18 27 27 27 20 
21 29 29 17 19 23 23 12 24 24 16 15 14 26 26 13 18 27 27 27 20 
21 29 29 17 19 23 23 12 24 24 16 15 14 26 26 13 18 27 27 27 20 
21 6 3 17 19 23 23 12 24 24 16 15 14 26 26 13 18 27 27 27 20 
21 6 3 17 19 23 23 12 24 24 16 5 5 5 5 5 18 27 27 27 20 
21 6 3 17 19 22 22 22 22 22 22 22 22 22 22 22 18 27 27 27 20 
21 6 3 17 19 22 22 22 22 22 22 22 22 22 22 22 18 27 27 27 20 
21 6 28 28 28 28 28 28 28 28 28 28 28 28 28 28 18 27 27 27 20 
21 6 28 28 28 28 28 28 28 28 28 28 28 28 28 28 18 27 27 27 20 
