5 21 21 21 21 21 21 21 21 21 21 21 21 21 21 21 21 21 21 21 21 21 
5 4 3 3 3 3 9 8 12 12 12 12 12 12 12 12 12 12 12 12 12 19 
5 4 17 16 1 1 9 8 26 26 26 26 26 26 26 26 26 26 26 26 26 19 
5 4 17 16 15 13 9 8 26 26 26 26 26 26 26 26 26 26 26 26 26 19 
5 4 17 16 15 13 9 8 11 11 11 11 11 11 11 11 11 11 11 11 14 19 
5 4 17 16 15 13 9 8 23 23 23 23 23 23 23 23 23 23 23 23 14 19 
30 30 17 16 15 13 9 8 23 23 23 23 23 23 23 23 23 23 23 23 14 19 
30 30 17 16 15 13 9 8 24 24 24 24 24 24 24 24 24 24 24 24 14 19 
30 30 17 16 15 13 9 8 24 24 24 24 24 24 24 24 24 24 24 24 14 19 
30 30 17 16 15 13 9 8 6 6 6 6 6 6 6 25 25 25 25 25 14 19 
30 30 17 16 15 13 9 7 7 7 7 7 7 7 7 25 25 25 25 25 14 19 
30 30 17 16 15 13 27 27 27 27 27 27 27 27 27 25 25 25 25 25 14 19 
30 30 17 16 15 13 27 27 27 27 27 27 27 27 27 25 25 25 25 25 14 19 
30 30 17 16 15 13 27 27 27 27 27 27 27 27 27 25 25 25 25 25 14 19 
30 30 17 16 15 13 28 28 28 28 28 28 28 28 28 28 28 28 28 28 14 19 
30 30 17 16 15 13 28 28 28 28 28 28 28 28 28 28 28 28 28 28 14 19 
30 30 17 16 15 13 2 2 2 10 10 10 10 10 10 10 10 10 10 10 14 19 
30 30 17 16 15 29 29 29 29 29 29 29 29 29 29 29 29 29 29 29 14 19 
30 30 17 16 15 29 29 29 29 29 29 29 29 29 29 29 29 29 29 29 14 19 
30 30 17 18 18 18 18 18 18 18 18 18 18 18 18 18 18 18 18 18 18 19 
30 30 20 20 20 20 20 20 20 20 20 20 20 20 20 20 20 20 20 20 20 20 
22 22 22 22 22 22 22 22 22 22 22 22 22 22 22 22 22 22 22 22 22 22 
