23 23 23 23 23 23 23 23 23 23 23 23 23 23 23 23 23 23 23 23 23 23 23 24 
22 22 22 22 22 22 22 22 22 22 22 22 22 22 22 22 22 22 22 22 22 22 6 24 
16 5 5 5 5 5 5 15 15 15 15 15 15 15 15 15 15 15 15 15 15 15 6 24 
16 21 21 21 21 21 21 21 21 21 21 21 21 21 21 21 21 21 21 21 21 21 6 24 
16 9 2 17 17 17 17 17 17 17 17 17 17 17 17 17 17 17 17 17 20 3 6 24 
16 9 2 1 1 14 14 14 14 14 14 14 14 14 14 14 14 14 14 19 20 3 6 24 
16 9 2 13 13 13 13 13 13 13 13 13 13 13 13 13 13 4 18 19 20 3 6 24 
16 9 29 29 29 29 29 29 29 29 29 29 29 29 29 29 29 4 18 19 20 3 6 24 
16 9 29 29 29 29 29 29 29 29 29 29 29 29 29 29 29 4 18 19 20 31 31 24 
16 9 30 30 30 30 30 30 30 30 30 30 30 30 30 30 30 4 18 19 20 31 31 24 
16 9 30 30 30 30 30 30 30 30 30 30 30 30 30 30 30 4 18 19 20 31 31 24 
16 9 32 32 32 32 32 32 32 32 32 32 32 32 32 32 32 32 18 19 20 31 31 24 
16 9 32 32 32 32 32 32 32 32 32 32 32 32 32 32 32 32 18 19 20 31 31 24 
16 9 11 11 11 11 11 11 11 11 11 11 11 11 33 33 33 10 18 19 20 31 31 24 
16 26 26 26 26 26 26 26 26 26 26 26 26 26 33 33 33 10 18 19 20 31 31 24 
16 26 26 26 26 26 26 26 26 26 26 26 26 26 33 33 33 10 18 19 20 31 31 24 
16 12 12 12 12 12 12 12 12 12 12 12 12 12 33 33 33 10 18 19 20 31 31 24 
16 7 7 7 7 7 7 7 7 25 25 25 25 25 33 33 33 10 18 19 20 31 31 24 
8 8 8 8 8 8 8 8 8 25 25 25 25 25 33 33 33 10 18 19 20 31 31 24 
27 27 27 27 27 27 27 27 27 25 25 25 25 25 33 33 33 10 18 19 20 31 31 24 
27 27 27 27 27 27 27 27 27 25 25 25 25 25 33 33 33 10 18 19 20 31 31 24 
27 27 27 27 27 27 27 27 27 25 25 25 25 25 33 33 33 10 18 19 20 31 31 24 
28 28 28 28 28 28 28 28 28 28 28 28 28 28 33 33 33 10 18 19 20 31 31 24 
28 28 28 28 28 28 28 28 28 28 28 28 28 28 33 33 33 10 18 19 20 31 31 24 
