23 5 1 1 29 29 13 12 2 14 14 14 14 14 14 14 14 14 14 14 14 14 14 14 24 
23 5 19 17 29 29 13 12 2 30 30 30 30 30 30 30 30 30 30 30 30 30 30 30 24 
23 5 19 17 29 29 13 12 2 30 30 30 30 30 30 30 30 30 30 30 30 30 30 30 24 
23 5 19 17 29 29 13 12 32 32 32 32 32 32 32 32 32 32 32 31 31 15 34 34 24 
23 5 19 17 29 29 13 12 32 32 32 32 32 32 32 32 32 32 32 31 31 15 34 34 24 
23 5 19 17 29 29 13 12 32 32 32 32 32 32 32 32 32 32 32 31 31 15 34 34 24 
23 16 19 17 29 29 13 12 10 10 10 10 10 10 10 10 10 10 10 31 31 15 34 34 24 
23 16 19 17 29 29 13 12 33 33 33 33 33 33 33 33 33 33 33 31 31 15 34 34 24 
23 16 19 17 29 29 13 12 33 33 33 33 33 33 33 33 33 33 33 31 31 15 34 34 24 
23 16 19 17 29 29 13 12 33 33 33 33 33 33 33 33 33 33 33 31 31 15 34 34 24 
23 16 19 17 29 29 13 12 26 26 26 26 26 26 26 26 26 3 8 31 31 15 34 34 24 
23 16 19 17 29 29 13 12 26 26 26 26 26 26 26 26 26 3 8 31 31 15 34 34 24 
23 16 19 17 29 29 13 12 26 26 26 26 26 26 26 26 26 3 8 31 31 15 34 34 24 
23 16 19 17 29 29 13 9 9 9 9 9 9 9 9 9 9 3 8 31 31 15 34 34 24 
23 16 19 17 29 29 11 11 11 11 11 11 11 11 11 11 11 11 8 31 31 15 34 34 24 
23 16 19 17 27 27 27 27 27 27 27 27 27 27 27 27 27 27 8 31 31 15 34 34 24 
23 16 19 17 27 27 27 27 27 27 27 27 27 27 27 27 27 27 8 31 31 15 34 34 24 
23 16 19 17 28 28 28 28 28 28 28 28 28 28 28 28 28 28 8 31 31 15 34 34 24 
23 16 19 17 28 28 28 28 28 28 28 28 28 28 28 28 28 28 8 31 31 15 34 34 24 
23 16 19 18 18 18 18 18 18 18 18 18 18 18 18 18 18 18 18 18 18 18 34 34 24 
23 16 19 6 6 6 6 6 6 6 25 25 25 25 25 25 25 25 25 25 25 25 25 4 24 
23 16 7 7 7 7 7 7 7 7 25 25 25 25 25 25 25 25 25 25 25 25 25 4 24 
23 16 20 20 20 20 20 20 20 20 20 20 20 20 20 20 20 20 20 20 20 20 20 4 24 
23 21 21 21 21 21 21 21 21 21 21 21 21 21 21 21 21 21 21 21 21 21 21 4 24 
22 22 22 22 22 22 22 22 22 22 22 22 22 22 22 22 22 22 22 22 22 22 22 4 24 
