26 26 26 26 26 26 26 26 26 26 26 26 26 26 26 26 26 26 26 26 26 26 26 26 26 26 
2 23 9 20 6 6 6 6 6 6 6 15 15 15 15 15 15 15 15 15 15 15 15 15 15 15 
2 23 9 20 18 21 21 21 21 21 21 21 21 21 21 21 21 21 21 21 21 21 21 21 21 21 
2 23 9 20 18 34 34 17 29 29 29 29 29 29 29 29 29 29 29 29 29 29 29 8 36 36 
22 23 9 20 18 34 34 17 29 29 29 29 29 29 29 29 29 29 29 29 29 29 29 8 36 36 
22 23 9 20 18 34 34 17 14 14 14 14 14 14 14 14 14 14 14 14 14 14 5 8 36 36 
22 23 9 20 18 34 34 17 28 28 28 28 28 28 28 28 28 28 28 28 28 28 5 8 36 36 
22 23 9 20 18 34 34 17 28 28 28 28 28 28 28 28 28 28 28 28 28 28 5 8 36 36 
22 23 9 20 18 34 34 17 35 35 35 35 35 27 27 27 27 27 27 27 27 27 5 8 36 36 
22 23 9 20 18 34 34 17 35 35 35 35 35 27 27 27 27 27 27 27 27 27 5 8 36 36 
22 23 11 20 18 34 34 17 35 35 35 35 35 27 27 27 27 27 27 27 27 27 5 8 36 36 
22 23 11 20 18 34 34 17 35 35 35 35 35 10 10 10 10 10 10 10 10 10 10 8 36 36 
22 23 11 20 18 34 34 17 35 35 35 35 35 33 33 33 33 33 33 33 33 33 33 33 36 36 
22 23 11 20 18 34 34 17 35 35 35 35 35 33 33 33 33 33 33 33 33 33 33 33 36 36 
22 23 11 20 18 34 34 17 35 35 35 35 35 33 33 33 33 33 33 33 33 33 33 33 36 36 
22 23 11 20 18 34 34 17 32 32 32 32 32 32 32 32 32 32 32 32 32 32 32 32 36 36 
22 23 11 20 18 34 34 17 32 32 32 32 32 32 32 32 32 32 32 32 32 32 32 32 36 36 
22 23 11 20 18 34 34 17 30 30 30 30 30 30 30 30 30 30 30 30 30 30 30 1 36 36 
22 23 11 20 18 34 34 17 30 30 30 30 30 30 30 30 30 30 30 30 30 30 30 1 36 36 
22 23 11 20 18 34 34 17 31 31 31 31 31 31 31 31 31 31 31 31 31 31 31 31 36 36 
22 23 11 20 3 3 3 3 31 31 31 31 31 31 31 31 31 31 31 31 31 31 31 31 36 36 
22 23 7 7 7 7 7 7 7 7 16 16 16 16 16 16 16 16 16 16 16 16 16 16 16 16 
22 23 24 24 24 24 24 24 24 24 24 24 24 24 24 24 24 24 24 24 24 24 24 24 24 24 
22 23 19 19 19 19 19 19 19 19 19 19 19 19 19 19 19 19 19 19 19 4 4 4 4 4 
22 25 25 25 25 25 25 25 25 25 25 25 25 25 25 25 25 25 25 25 25 25 25 25 25 25 
22 13 13 13 13 13 13 13 13 13 13 13 13 13 12 12 12 12 12 12 12 12 12 12 12 12 
