36 36 36 36 36 36 36 36 36 36 36 36 36 36 36 36 36 36 36 36 36 36 36 36 36 36 36 36 36 36 36 36 36 36 36 36 
8 34 34 34 34 34 34 34 34 34 34 34 34 34 34 34 34 34 34 34 34 34 34 34 34 34 34 34 34 34 34 34 34 34 34 28 
8 32 33 33 33 33 33 33 33 33 33 33 33 33 33 33 33 33 33 33 33 33 33 33 33 33 33 33 33 33 33 33 33 33 33 28 
8 32 31 22 22 22 22 22 22 22 22 22 22 22 22 22 22 22 22 22 22 22 22 22 22 5 5 5 5 5 5 47 47 48 48 28 
8 32 31 17 27 27 27 27 27 27 27 27 27 27 27 27 27 27 27 27 27 27 27 27 27 27 27 27 27 27 27 47 47 48 48 28 
8 32 31 17 40 40 40 40 40 40 40 40 40 40 40 40 40 40 40 40 40 40 40 40 49 49 49 49 49 49 49 47 47 48 48 28 
8 32 31 17 40 40 40 40 40 40 40 40 40 40 40 40 40 40 40 40 40 40 40 40 49 49 49 49 49 49 49 47 47 48 48 28 
8 32 31 17 11 11 11 11 11 11 11 11 11 11 11 11 43 43 42 42 38 38 37 37 49 49 49 49 49 49 49 47 47 48 48 28 
8 32 31 17 50 50 24 19 46 46 15 23 18 1 41 41 43 43 42 42 38 38 37 37 49 49 49 49 49 49 49 47 47 48 48 28 
8 32 31 17 50 50 24 19 46 46 15 23 18 1 41 41 43 43 42 42 38 38 37 37 49 49 49 49 49 49 49 47 47 48 48 28 
26 32 31 17 50 50 24 19 46 46 15 23 18 21 41 41 43 43 42 42 38 38 37 37 49 49 49 49 49 49 49 47 47 48 48 28 
26 32 31 17 50 50 24 19 46 46 15 23 18 21 41 41 43 43 42 42 38 38 37 37 49 49 49 49 49 49 49 47 47 48 48 28 
26 32 31 17 50 50 24 19 46 46 15 23 18 21 41 41 43 43 42 42 38 38 37 37 2 2 2 13 45 45 45 47 47 48 48 28 
26 32 31 17 50 50 24 19 46 46 15 23 18 21 41 41 43 43 42 42 38 38 37 37 39 39 39 13 45 45 45 47 47 48 48 28 
26 32 31 17 50 50 24 19 46 46 15 23 18 21 41 41 43 43 42 42 38 38 37 37 39 39 39 13 45 45 45 47 47 48 48 28 
26 32 31 17 50 50 24 19 46 46 15 23 18 21 41 41 43 43 42 42 38 38 37 37 39 39 39 13 45 45 45 47 47 48 48 28 
26 32 31 17 50 50 24 19 46 46 15 23 18 21 41 41 43 43 42 42 38 38 37 37 39 39 39 13 45 45 45 47 47 48 48 28 
26 32 31 17 50 50 24 19 46 46 15 23 18 21 41 41 43 43 42 42 38 38 37 37 39 39 39 13 45 45 45 47 47 48 48 28 
26 32 31 17 50 50 24 19 46 46 15 23 18 21 41 41 43 43 42 42 38 38 37 37 39 39 39 13 45 45 45 47 47 48 48 28 
26 32 31 17 50 50 24 19 46 46 15 23 18 21 41 41 43 43 42 42 38 38 37 37 39 39 39 13 45 45 45 47 47 48 48 28 
26 32 31 17 50 50 24 19 46 46 15 23 18 21 41 41 43 43 42 42 38 38 37 37 39 39 39 13 45 45 45 47 47 48 48 28 
26 32 31 17 50 50 24 19 46 46 15 23 18 21 41 41 43 43 42 42 38 38 37 37 39 39 39 13 45 45 45 47 47 48 48 28 
26 32 31 10 50 50 24 19 46 46 15 23 18 21 41 41 43 43 42 42 38 38 37 37 39 39 39 13 45 45 45 47 47 48 48 28 
26 32 31 10 50 50 24 19 46 46 15 23 18 21 41 41 43 43 42 42 38 38 37 37 39 39 39 13 45 45 45 47 47 48 48 28 
26 32 31 10 50 50 24 19 46 46 6 23 18 21 41 41 43 43 42 42 38 38 37 37 39 39 39 13 45 45 45 47 47 48 48 28 
26 32 31 10 50 50 24 19 46 46 6 23 18 21 41 41 43 43 42 42 38 38 37 37 39 39 39 13 45 45 45 47 47 48 48 28 
26 32 31 10 50 50 24 19 46 46 6 23 4 21 41 41 43 43 42 42 7 7 7 7 7 7 7 7 45 45 45 47 47 48 48 28 
26 32 31 10 50 50 24 3 46 46 6 23 4 21 41 41 43 43 42 42 14 14 14 14 14 14 14 14 14 14 14 14 14 14 14 28 
26 32 31 10 50 50 24 3 46 46 6 23 4 21 41 41 43 43 16 16 16 16 16 16 16 16 16 16 16 16 16 16 16 16 16 28 
26 32 31 10 50 50 24 3 46 46 6 23 4 21 44 44 44 44 44 44 44 44 44 44 44 44 44 44 44 44 44 44 44 44 44 44 
26 32 31 10 50 50 24 3 46 46 6 23 4 21 44 44 44 44 44 44 44 44 44 44 44 44 44 44 44 44 44 44 44 44 44 44 
26 32 31 10 50 50 24 29 29 29 29 29 29 29 29 29 29 29 29 29 29 29 29 29 29 29 29 29 29 29 29 29 29 29 29 29 
26 32 31 10 50 50 30 30 30 30 30 30 30 30 30 30 30 30 30 30 30 30 30 30 30 30 30 30 30 30 30 30 30 30 30 30 
26 32 31 12 12 12 12 12 12 12 12 12 12 12 12 12 20 20 20 20 20 20 20 20 20 20 20 20 20 20 20 20 20 20 20 20 
26 35 35 35 35 35 35 35 35 35 35 35 35 35 35 35 35 35 35 35 35 35 35 35 35 35 35 35 35 35 35 35 35 35 35 35 
26 25 25 25 25 25 25 25 25 25 25 25 25 25 25 25 25 25 25 25 25 25 25 25 25 25 9 9 9 9 9 9 9 9 9 9 
