7 46 46 46 46 46 46 46 46 46 46 46 46 46 46 46 46 46 46 46 46 46 46 46 46 46 46 46 46 46 46 46 46 46 46 46 46 46 46 46 46 46 46 46 46 46 46 13 48 50 
7 64 64 64 64 64 64 64 64 64 64 64 64 64 64 64 64 64 64 64 64 64 64 64 64 64 64 64 64 64 64 64 64 21 5 5 5 5 5 5 36 10 37 39 40 47 11 13 48 50 
7 64 64 64 64 64 64 64 64 64 64 64 64 64 64 64 64 64 64 64 64 64 64 64 64 64 64 64 64 64 64 64 64 21 66 66 68 68 67 67 36 10 37 39 40 47 11 13 48 50 
7 27 27 27 27 27 27 27 27 27 27 27 27 27 27 27 27 27 27 27 27 27 27 27 27 27 27 27 33 19 57 57 57 21 66 66 68 68 67 67 36 10 37 39 40 47 11 13 48 50 
7 26 26 26 26 26 26 26 26 26 26 26 26 26 26 26 26 26 26 26 26 26 26 26 26 26 26 8 33 19 57 57 57 21 66 66 68 68 67 67 36 10 37 39 40 47 11 13 48 50 
7 44 22 22 22 22 22 22 22 22 22 22 22 22 22 22 22 22 22 22 22 22 22 22 61 61 31 8 33 19 57 57 57 21 66 66 68 68 67 67 36 10 37 39 40 47 11 13 48 50 
7 44 43 53 53 24 42 17 17 17 17 17 17 17 17 17 17 17 17 17 17 17 17 17 61 61 31 8 33 19 57 57 57 21 66 66 68 68 67 67 36 10 37 39 40 47 11 13 48 50 
7 44 43 53 53 24 42 63 63 63 34 30 9 9 9 9 9 9 9 9 9 9 58 58 61 61 31 8 33 19 57 57 57 21 66 66 68 68 67 67 36 10 37 39 40 47 11 13 48 50 
41 44 43 53 53 24 42 63 63 63 34 30 60 60 59 59 29 1 1 2 2 2 58 58 61 61 31 8 33 19 57 57 57 21 66 66 68 68 67 67 36 10 37 39 40 47 11 13 48 50 
41 44 43 53 53 24 42 63 63 63 34 30 60 60 59 59 29 56 56 28 54 54 58 58 61 61 31 8 33 19 57 57 57 21 66 66 68 68 67 67 36 10 37 39 40 47 11 13 48 50 
41 44 43 53 53 24 42 63 63 63 34 30 60 60 59 59 29 56 56 28 54 54 58 58 61 61 31 8 33 19 57 57 57 21 66 66 68 68 67 67 36 10 37 39 40 47 11 13 48 50 
41 44 43 53 53 24 42 63 63 63 34 30 60 60 59 59 29 56 56 28 54 54 58 58 61 61 31 8 33 19 57 57 57 21 66 66 68 68 67 67 36 10 37 39 40 47 11 13 48 50 
41 44 43 53 53 24 42 63 63 63 34 30 60 60 59 59 29 56 56 28 54 54 58 58 61 61 31 8 33 19 57 57 57 21 66 66 68 68 67 67 36 12 37 39 40 47 11 13 48 50 
41 44 43 53 53 24 42 63 63 63 34 30 60 60 59 59 29 56 56 28 54 54 58 58 61 61 31 23 33 19 57 57 57 21 66 66 68 68 67 67 36 12 37 39 40 47 70 70 48 50 
41 44 43 53 53 24 42 63 63 63 34 30 60 60 59 59 29 56 56 28 54 54 58 58 61 61 31 23 33 19 57 57 57 21 66 66 68 68 67 67 36 12 37 39 40 47 70 70 48 50 
41 44 43 53 53 24 42 63 63 63 34 30 60 60 59 59 29 56 56 28 54 54 58 58 61 61 31 23 33 19 57 57 57 21 66 66 68 68 67 67 36 12 37 39 40 47 70 70 48 50 
41 44 43 53 53 24 42 63 63 63 34 30 60 60 59 59 29 56 56 28 54 54 58 58 61 61 31 23 33 19 57 57 57 21 66 66 68 68 67 67 36 12 37 39 40 47 70 70 48 50 
41 44 43 53 53 24 42 63 63 63 34 30 60 60 59 59 29 56 56 28 54 54 58 58 61 61 31 23 33 19 57 57 57 21 66 66 68 68 67 67 36 12 37 39 40 47 70 70 48 50 
41 44 43 53 53 24 42 63 63 63 34 30 60 60 59 59 29 56 56 28 54 54 58 58 61 61 31 23 33 19 57 57 57 21 66 66 68 68 67 67 36 12 37 39 40 47 70 70 48 50 
41 44 43 53 53 24 42 63 63 63 34 30 60 60 59 59 29 56 56 28 54 54 58 58 61 61 31 23 33 19 57 57 57 21 66 66 68 68 67 67 36 12 37 39 40 47 70 70 48 50 
41 44 43 53 53 24 42 63 63 63 34 30 60 60 59 59 29 56 56 28 54 54 58 58 61 61 31 23 33 19 57 57 57 21 66 66 68 68 67 67 36 12 37 39 40 47 70 70 48 50 
41 44 43 53 53 24 42 63 63 63 34 30 60 60 59 59 29 56 56 28 54 54 58 58 61 61 31 23 33 19 57 57 57 21 66 66 68 68 67 67 36 12 37 39 40 47 70 70 48 50 
41 44 43 53 53 24 42 63 63 63 34 30 60 60 59 59 29 56 56 28 54 54 58 58 61 61 31 23 33 65 65 65 65 65 66 66 68 68 67 67 36 12 37 39 40 47 70 70 48 50 
41 44 43 53 53 24 42 63 63 63 34 30 60 60 59 59 29 56 56 28 54 54 58 58 61 61 31 23 33 65 65 65 65 65 66 66 68 68 67 67 36 12 37 39 40 47 70 70 48 50 
41 44 43 53 53 24 42 63 63 63 34 30 60 60 59 59 29 56 56 28 54 54 58 58 61 61 31 23 33 65 65 65 65 65 66 66 68 68 67 67 36 14 37 39 40 47 70 70 48 50 
41 44 43 53 53 24 42 63 63 63 34 30 60 60 59 59 29 56 56 28 54 54 58 58 61 61 31 23 33 65 65 65 65 65 66 66 68 68 67 67 36 14 37 39 40 47 70 70 48 50 
41 44 43 53 53 24 42 63 63 63 34 30 60 60 59 59 29 56 56 28 54 54 58 58 61 61 31 23 33 65 65 65 65 65 66 66 68 68 67 67 36 14 37 39 40 47 70 70 48 50 
41 44 43 53 53 24 42 63 63 63 34 30 60 60 59 59 29 56 56 28 54 54 58 58 61 61 31 23 33 65 65 65 65 65 66 66 68 68 67 67 36 14 37 39 40 47 70 70 48 50 
41 44 43 53 53 24 42 51 51 51 34 30 60 60 59 59 29 56 56 28 54 54 58 58 61 61 31 23 33 65 65 65 65 65 66 66 68 68 67 67 36 14 37 39 40 47 70 70 48 50 
41 44 43 53 53 24 42 51 51 51 34 30 60 60 59 59 29 56 56 28 54 54 58 58 61 61 31 23 33 65 65 65 65 65 66 66 68 68 67 67 36 14 37 39 40 47 70 70 48 50 
41 44 43 53 53 18 42 51 51 51 34 30 60 60 59 59 29 56 56 28 54 54 58 58 61 61 31 23 33 65 65 65 65 65 66 66 68 68 67 67 36 14 37 39 40 47 70 70 48 50 
41 44 43 53 53 18 42 51 51 51 34 30 60 60 59 59 29 56 56 28 54 54 58 58 61 61 31 23 33 65 65 65 65 65 66 66 68 68 67 67 36 14 37 39 40 47 70 70 48 50 
41 44 43 53 53 18 42 51 51 51 34 30 60 60 59 59 29 56 56 28 54 54 58 58 61 61 31 23 33 65 65 65 65 65 66 66 68 68 67 67 36 14 37 39 40 47 70 70 48 50 
41 44 43 16 15 18 42 51 51 51 34 30 60 60 59 59 29 56 56 28 54 54 58 58 61 61 31 23 33 65 65 65 65 65 66 66 68 68 67 67 36 14 37 39 40 47 70 70 48 50 
41 44 43 16 15 18 42 51 51 51 34 30 60 60 59 59 29 56 56 28 54 54 58 58 61 61 31 23 33 65 65 65 65 65 66 66 68 68 67 67 36 14 37 39 40 47 70 70 48 50 
41 44 43 16 15 18 42 51 51 51 34 30 60 60 59 59 29 56 56 28 54 54 58 58 61 61 31 23 33 6 6 6 6 6 6 6 68 68 67 67 36 14 37 39 40 47 70 70 48 50 
41 44 43 16 15 18 42 51 51 51 34 30 60 60 59 59 29 56 56 28 20 20 20 20 20 20 20 20 20 20 20 20 20 20 20 20 20 20 20 20 36 14 37 39 40 47 70 70 48 50 
41 44 43 16 15 18 42 51 51 51 34 3 60 60 59 59 25 25 25 25 25 25 25 25 25 25 25 25 25 25 25 25 25 25 25 25 25 25 25 25 25 14 37 39 40 47 70 70 48 50 
41 44 43 16 15 18 42 51 51 51 34 3 62 62 62 62 62 62 62 62 62 62 62 62 62 62 62 62 62 62 62 62 62 62 62 62 62 62 62 62 62 62 62 39 40 47 70 70 48 50 
41 44 43 16 15 18 42 51 51 51 34 3 62 62 62 62 62 62 62 62 62 62 62 62 62 62 62 62 62 62 62 62 62 62 62 62 62 62 62 62 62 62 62 39 40 47 70 70 48 50 
41 44 43 16 15 18 42 51 51 51 34 3 32 32 32 32 32 32 32 32 32 32 32 32 32 32 32 32 32 32 32 32 32 32 32 32 32 32 32 32 32 32 32 32 40 47 70 70 48 50 
41 44 43 16 15 18 42 51 51 51 35 35 35 35 35 35 35 35 35 35 35 35 35 35 35 35 35 35 35 35 35 35 35 35 35 35 35 35 35 35 35 35 35 35 35 47 70 70 48 50 
41 44 43 16 15 18 42 51 51 51 69 69 69 69 69 69 69 69 69 69 69 69 69 69 69 69 69 69 69 69 69 69 69 4 55 55 55 55 55 55 55 55 55 55 55 47 70 70 48 50 
41 44 43 16 15 18 42 51 51 51 69 69 69 69 69 69 69 69 69 69 69 69 69 69 69 69 69 69 69 69 69 69 69 4 55 55 55 55 55 55 55 55 55 55 55 47 70 70 48 50 
41 44 43 16 15 18 42 51 51 51 69 69 69 69 69 69 69 69 69 69 69 69 69 69 69 69 69 69 69 69 69 69 69 4 55 55 55 55 55 55 55 55 55 55 55 47 70 70 48 50 
41 44 43 16 15 18 42 52 52 52 52 52 52 52 52 52 52 52 52 52 52 52 52 52 52 52 52 52 52 52 52 52 52 4 55 55 55 55 55 55 55 55 55 55 55 47 70 70 48 50 
41 44 43 16 15 18 42 52 52 52 52 52 52 52 52 52 52 52 52 52 52 52 52 52 52 52 52 52 52 52 52 52 52 4 55 55 55 55 55 55 55 55 55 55 55 47 70 70 48 50 
41 44 43 16 15 18 42 38 38 38 38 38 38 38 38 38 38 38 38 38 38 38 38 38 38 38 38 38 38 38 38 38 38 38 38 38 38 38 38 38 38 38 38 38 38 47 70 70 48 50 
41 44 43 16 45 45 45 45 45 45 45 45 45 45 45 45 45 45 45 45 45 45 45 45 45 45 45 45 45 45 45 45 45 45 45 45 45 45 45 45 45 45 45 45 45 45 45 45 45 50 
49 49 49 49 49 49 49 49 49 49 49 49 49 49 49 49 49 49 49 49 49 49 49 49 49 49 49 49 49 49 49 49 49 49 49 49 49 49 49 49 49 49 49 49 49 49 49 49 49 50 
