c ---- [ banner ] ------------------------------------------------------------
c
c Kissat SAT Solver
c 
c Copyright (c) 2021-2023 Armin Biere University of Freiburg
c Copyright (c) 2019-2021 Armin Biere Johannes Kepler University Linz
c 
c Version 3.1.1 71caafb4d182ced9f76cef45b00f37cc598f2a37
c Apple clang version 14.0.3 (clang-1403.0.22.14.1) -W -Wall -O3 -DNDEBUG
c Mon Nov 6 15:40:16 EST 2023 Darwin GS21851.SP.CS.CMU.EDU 22.2.0 arm64
c
c ---- [ parsing ] -----------------------------------------------------------
c
c opened and reading DIMACS file:
c
c   cnfs/packit-12.cnf
c
c parsed 'p cnf 904 4729' header
c closing input after reading 98633 bytes (96 KB)
c finished parsing after 0.00 seconds
c
c ---- [ solving ] -----------------------------------------------------------
c
c  seconds switched conflicts irredundant variables
c         MB reductions redundant    trail   remaining
c          level restarts   binary      glue
c
c *  0.00  2 0 0 0  0   0   0 844 3884 0% 0 883 98%
c {  0.00  2 0 0 0  0   0   0 844 3884 0% 0 883 98%
c i  0.00  2 122 0 0  0   4   1 844 3884 17% 1 880 97%
c i  0.00  2 68 0 0  5  38  25 849 3884 21% 3 879 97%
c i  0.00  2 59 0 0  5  45  30 850 3884 22% 4 877 97%
c i  0.00  2 58 0 0  5  46  30 850 3884 22% 4 875 97%
c i  0.00  2 59 0 0  5  48  31 850 3884 22% 4 874 97%
c i  0.00  2 57 0 0  5  53  35 850 3884 23% 3 873 96%
c i  0.00  2 50 0 0 14  72  53 850 3884 28% 5 872 96%
c i  0.00  2 40 0 0 38 111  87 853 3883 30% 5 871 96%
c i  0.00  2 40 0 0 42 117  92 853 3883 31% 6 869 96%
c i  0.00  2 37 0 0 59 148 122 853 3883 32% 6 866 96%
c i  0.01  2 36 0 0 93 219 188 856 3882 36% 6 865 96%
c i  0.01  2 36 0 0 96 230 197 856 3882 37% 6 864 95%
c i  0.01  2 36 0 0 111 272 237 857 3882 40% 7 862 95%
c i  0.01  2 37 0 0 117 290 252 858 3881 42% 7 861 95%
c i  0.01  2 37 0 0 150 372 328 862 3880 44% 8 860 95%
c i  0.01  2 37 0 0 154 396 351 862 3880 44% 8 859 95%
c i  0.01  2 36 0 0 164 427 381 862 3880 44% 8 858 95%
c i  0.01  2 36 0 0 169 445 398 862 3880 44% 8 856 95%
c
c  seconds  switched conflicts  irredundant variables
c         MB reductions  redundant      trail   remaining
c          level restarts     binary       glue
c
c i  0.01  2 35 0 0 170 466 415 864 3879 43% 8 855 94%
c i  0.01  2 35 0 0 172 497 445 864 3879 43% 8 854 94%
c i  0.01  2 35 0 0 174 504 451 864 3879 43% 8 853 94%
c i  0.01  2 35 0 0 174 513 452 869 3876 43% 8 848 94%
c i  0.01  3 35 0 0 174 514 452 869 3876 43% 8 842 93%
c i  0.01  3 35 0 0 186 567 500 871 3875 43% 8 841 93%
c i  0.01  3 35 0 0 200 607 539 871 3875 43% 8 840 93%
c i  0.01  3 34 0 0 214 655 585 872 3875 44% 8 839 93%
c i  0.01  3 34 0 0 215 710 639 872 3875 44% 8 838 93%
c i  0.01  3 33 0 0 215 738 664 873 3874 44% 8 837 92%
c i  0.01  3 33 0 0 215 745 668 874 3873 44% 8 836 92%
c i  0.01  3 34 0 0 217 778 696 876 3871 45% 8 835 92%
c i  0.02  3 34 0 0 236 886 795 882 3869 46% 8 834 92%
c i  0.02  3 34 0 0 238 911 818 882 3869 47% 8 833 92%
c i  0.02  3 34 0 0 247 951 857 882 3869 47% 8 832 92%
c -  0.02  3 34 0 1 266 1000 535 766 3869 47% 9 832 92%
c }  0.02  3 34 1 1 266 1000 535 766 3869 47% 9 832 92%
c [  0.02  3 0 1 1 266 1000 535 766 3869 0% 0 832 92%
c B  0.02  3 27 1 1 266 1001 536 766 3869 36% 3 832 92%
c i  0.02  3 62 1 1 266 1125 656 768 3869 81% 11 831 92%
c
c  seconds  switched conflicts   irredundant  variables
c         MB reductions   redundant      trail    remaining
c          level restarts      binary        glue
c
c ]  0.02  3 62 1 1 266 1148 679 768 3869 83% 11 831 92%
c 1  0.02  3 34 1 1 266 1148 679 768 3869 47% 9 831 92%
c
c ---- [ result ] ------------------------------------------------------------
c
s SATISFIABLE
v 1 2 -3 4 -5 6 -7 8 9 -10 11 -12 13 -14 15 -16 17 -18 19 -20 21 -22 23 -24 25
v 26 -27 28 -29 30 -31 32 33 34 35 -36 37 -38 39 -40 41 -42 43 -44 45 -46 47
v -48 49 -50 51 -52 53 -54 55 -56 57 -58 59 60 61 62 63 64 -65 66 -67 68 -69
v 70 -71 72 -73 74 75 -76 77 -78 79 -80 81 82 -83 84 -85 86 -87 88 -89 90 -91
v 92 -93 94 -95 96 -97 98 99 100 -101 102 -103 104 -105 106 107 -108 109 -110
v 111 -112 113 -114 115 -116 117 -118 119 -120 121 -122 123 124 -125 126 -127
v 128 -129 130 -131 132 -133 134 135 136 137 138 139 140 141 -142 143 -144 145
v -146 147 -148 149 -150 151 -152 153 -154 155 -156 157 -158 159 -160 161 -162
v 163 164 165 166 167 168 169 170 171 172 173 -174 175 -176 177 -178 179 -180
v 181 -182 183 -184 185 -186 187 -188 189 -190 191 -192 193 194 -195 196 197
v 198 -199 200 -201 202 203 -204 205 -206 207 -208 209 -210 211 -212 213 -214
v 215 -216 217 -218 219 -220 221 222 -223 224 -225 226 -227 228 229 230 231
v 232 233 234 235 236 237 238 239 -240 241 -242 243 -244 245 -246 247 -248 249
v -250 251 252 253 254 255 256 257 258 259 260 261 262 263 264 -265 266 -267
v 268 -269 270 271 -272 273 -274 275 276 -277 278 -279 280 -281 282 -283 284
v -285 286 -287 288 -289 290 -291 292 -293 294 295 296 297 -298 299 -300 301
v -302 303 -304 305 -306 307 -308 309 -310 311 -312 313 -314 315 -316 317 -318
v 319 320 -321 322 323 324 325 326 327 328 329 330 331 332 333 334 335 336 337
v -338 339 -340 341 -342 343 344 345 -346 347 348 -349 350 -351 352 -353 354
v -355 356 -357 358 -359 360 -361 362 -363 364 -365 366 -367 368 369 -370 371
v 372 373 374 375 376 377 378 379 380 381 382 383 384 385 386 -387 388 -389
v 390 -391 392 -393 394 -395 396 -397 398 399 400 401 402 403 404 405 406 407
v 408 409 410 411 412 413 414 415 -416 417 418 -419 420 421 -422 423 -424 425
v -426 427 -428 429 -430 431 -432 433 -434 435 -436 437 -438 439 -440 441 442
v 443 -444 445 -446 447 -448 449 -450 451 -452 453 -454 455 -456 457 -458 459
v -460 461 -462 463 -464 465 466 467 468 469 470 471 472 473 474 475 476 477
v 478 479 480 481 482 483 484 485 486 -487 488 -489 490 -491 492 493 494 495
v 496 497 498 499 500 501 502 503 504 505 506 507 508 509 510 511 512 513 -514
v 515 516 517 -518 519 -520 521 -522 523 -524 525 -526 527 -528 529 -530 531
v -532 533 -534 535 -536 537 -538 539 -540 541 542 543 544 545 546 547 548 549
v 550 551 552 553 554 555 556 557 558 559 560 561 562 563 564 565 -566 567
v -568 569 -570 571 -572 573 -574 575 -576 577 -578 579 -580 581 -582 583 -584
v 585 -586 587 588 -589 590 591 592 593 594 595 596 597 598 599 600 601 602
v 603 -604 605 -606 607 -608 609 -610 611 -612 613 614 -615 616 -617 618 -619
v 620 -621 622 -623 624 -625 626 -627 628 -629 630 -631 632 633 634 635 -636
v 637 638 639 -640 641 -642 643 -644 645 -646 647 -648 649 -650 651 -652 653
v 654 655 656 -657 658 -659 660 -661 662 663 -664 665 -666 667 -668 669 670
v 671 672 673 674 675 676 677 678 679 680 681 682 -683 684 -685 686 687 688
v -689 690 -691 692 -693 694 -695 696 697 698 699 700 701 -702 703 -704 705
v -706 707 -708 709 -710 711 712 -713 714 -715 716 -717 718 -719 720 721 722
v 723 724 725 726 727 728 729 -730 731 -732 733 -734 735 736 737 -738 739 -740
v 741 -742 743 -744 745 -746 747 -748 749 -750 751 -752 753 -754 755 756 757
v 758 -759 760 761 -762 763 -764 765 766 767 768 769 770 771 772 773 774 775
v 776 777 778 779 780 -781 782 -783 784 -785 786 787 -788 789 -790 -791 792
v -793 794 795 796 -797 -798 -799 -800 801 -802 803 -804 -805 806 -807 808 809
v 810 -811 812 -813 -814 -815 816 -817 -818 819 -820 821 822 823 -824 -825
v -826 -827 828 829 -830 831 832 833 834 -835 836 837 838 839 -840 -841 842
v -843 844 845 846 -847 -848 -849 -850 -851 852 -853 854 855 856 857 858 -859
v -860 -861 -862 863 864 865 -866 -867 -868 -869 -870 871 872 873 -874 -875
v -876 -877 878 879 880 881 882 883 -884 885 -886 -887 -888 -889 890 891 892
v 893 894 895 896 897 898 -899 900 -901 -902 -903 -904 0
c
c ---- [ profiling ] ---------------------------------------------------------
c
c           0.02   88.95 %  search
c           0.01   81.93 %  focused
c           0.00    8.82 %  parse
c           0.00    6.82 %  stable
c           0.00    0.69 %  reduce
c           0.00    0.00 %  simplify
c =============================================
c           0.02  100.00 %  total
c
c ---- [ statistics ] --------------------------------------------------------
c
c chronological:                            9                1 %  conflicts
c conflicts:                             1148            55923.62 per second
c decisions:                            12769               11.12 per conflict
c jumped_reasons:                       60246               38 %  propagations
c propagations:                        159008          7745908    per second
c queue_decisions:                      11709               92 %  decision
c random_decisions:                       274                2 %  decision
c random_sequences:                         1             1148    interval
c reductions:                               1             1148    interval
c rephased:                                 1             1148    interval
c restarts:                               266                4.32 interval
c score_decisions:                        786                6 %  decision
c switched:                                 1             1148    interval
c vivify_checks:                            0                0    per vivify
c vivify_units:                             0                0 %  variables
c
c ---- [ resources ] ---------------------------------------------------------
c
c maximum-resident-set-size:       2852126720 bytes       2720 MB
c process-time:                                              0.02 seconds
c
c ---- [ shutting down ] -----------------------------------------------------
c
c exit 10
