c ---- [ banner ] ------------------------------------------------------------
c
c Kissat SAT Solver
c 
c Copyright (c) 2021-2023 Armin Biere University of Freiburg
c Copyright (c) 2019-2021 Armin Biere Johannes Kepler University Linz
c 
c Version 3.1.1 71caafb4d182ced9f76cef45b00f37cc598f2a37
c Apple clang version 14.0.3 (clang-1403.0.22.14.1) -W -Wall -O3 -DNDEBUG
c Mon Nov 6 15:40:16 EST 2023 Darwin GS21851.SP.CS.CMU.EDU 22.2.0 arm64
c
c ---- [ parsing ] -----------------------------------------------------------
c
c opened and reading DIMACS file:
c
c   cnfs/packit-13.cnf
c
c parsed 'p cnf 1037 5671' header
c closing input after reading 120810 bytes (118 KB)
c finished parsing after 0.00 seconds
c
c ---- [ solving ] -----------------------------------------------------------
c
c  seconds switched conflicts irredundant variables
c         MB reductions redundant    trail    remaining
c          level restarts   binary      glue
c
c *  0.00  2 0 0 0  0   0   0 966 4704 0% 0 1014 98%
c {  0.00  2 0 0 0  0   0   0 966 4704 0% 0 1014 98%
c i  0.00  2 140 0 0  0   8   3 968 4704 23% 1 1011 97%
c i  0.00  2 112 0 0  0  21  11 972 4704 20% 2 1008 97%
c i  0.00  2 92 0 0  7  47  30 974 4703 24% 3 1007 97%
c i  0.00  2 94 0 0  7  49  31 974 4703 25% 3 1006 97%
c i  0.00  2 88 0 0 13  59  39 975 4703 26% 4 1005 97%
c i  0.00  3 73 0 0 24  90  63 978 4702 32% 4 1004 97%
c i  0.00  3 52 0 0 66 163 132 979 4701 36% 5 1002 97%
c i  0.01  3 46 0 0 105 229 193 983 4701 37% 6 1000 96%
c i  0.01  3 45 0 0 112 245 208 983 4701 38% 7 998 96%
c i  0.01  3 44 0 0 117 257 219 983 4701 38% 7 997 96%
c i  0.01  3 44 0 0 119 260 221 983 4701 37% 7 996 96%
c i  0.01  3 44 0 0 120 262 222 983 4701 37% 7 995 96%
c i  0.01  3 44 0 0 120 263 222 983 4701 37% 7 993 96%
c i  0.01  3 42 0 0 138 313 271 983 4701 39% 7 992 96%
c i  0.01  3 41 0 0 149 356 309 986 4700 39% 7 990 95%
c i  0.01  3 40 0 0 162 395 342 987 4700 40% 7 989 95%
c i  0.01  3 39 0 0 200 545 483 993 4698 42% 8 988 95%
c i  0.01  3 39 0 0 211 616 547 997 4695 42% 8 973 94%
c
c  seconds  switched conflicts   irredundant variables
c         MB reductions  redundant       trail   remaining
c          level restarts      binary       glue
c
c i  0.01  3 38 0 0 237 775 700 1000 4693 44% 8 972 94%
c i  0.02  3 37 0 0 246 928 848 1001 4693 45% 8 970 93%
c i  0.02  3 37 0 0 246 943 860 1003 4693 45% 8 969 93%
c i  0.02  3 37 0 0 250 966 882 1003 4693 45% 8 968 93%
c i  0.02  3 36 0 0 251 980 895 1003 4693 45% 8 967 93%
c -  0.02  3 37 0 1 255 1001 584 891 4693 45% 8 967 93%
c }  0.02  3 37 1 1 255 1001 584 891 4693 45% 8 967 93%
c [  0.02  3 0 1 1 255 1001 584 891 4693 0% 0 967 93%
c B  0.02  3 0 1 1 255 1001 584 891 4693 0% 0 967 93%
c i  0.02  3 101 1 1 255 1071 651 891 4693 65% 9 966 93%
c i  0.02  3 99 1 1 255 1075 654 891 4693 66% 9 965 93%
c d  0.02  3 60 1 1 255 1409 985 924 4495 77% 19 956 92%
c d  0.02  3 60 1 1 255 1409 985 894 4495 77% 19 940 91%
c b  0.02  3 60 1 1 255 1409 985 894 4495 77% 19 900 87%
c u  0.02  3 60 1 1 255 1409 969 909 4495 77% 19 900 87%
c v  0.03  3 60 1 1 255 1409 963 912 4495 77% 19 887 85%
c w  0.03  4 60 1 1 255 1409 1012 928 4291 77% 19 887 85%
c =  0.03  4 60 1 1 255 1409 1012 934 4291 77% 19 884 85%
c d  0.03  4 60 1 1 255 1409 1012 920 4291 77% 19 884 85%
c t  0.03  4 60 1 1 255 1409 1012 888 4291 77% 19 884 85%
c
c  seconds  switched conflicts    irredundant  variables
c         MB reductions   redundant       trail    remaining
c          level restarts       binary        glue
c
c i  0.03  4 60 1 1 255 1409 1012 888 4291 77% 19 884 85%
c ]  0.04  4 45 1 1 255 1912 1509 888 4291 77% 18 884 85%
c 1  0.04  4 37 1 1 255 1912 1509 888 4291 45% 8 884 85%
c
c ---- [ result ] ------------------------------------------------------------
c
s SATISFIABLE
v 1 2 -3 4 -5 6 7 -8 9 -10 11 -12 13 -14 15 -16 17 -18 19 -20 21 -22 23 -24 25
v -26 27 28 -29 30 31 32 33 -34 35 -36 37 -38 39 -40 41 -42 43 -44 45 -46 47
v -48 49 -50 51 -52 53 -54 55 -56 57 -58 59 -60 61 -62 63 -64 65 -66 67 68 69
v 70 71 72 -73 74 -75 76 -77 78 -79 80 81 -82 83 -84 85 -86 87 -88 89 90 -91
v 92 -93 94 -95 96 -97 98 -99 100 -101 102 -103 104 -105 106 107 108 -109 110
v -111 112 -113 114 -115 116 -117 118 -119 120 121 -122 123 -124 125 -126 127
v -128 129 -130 131 -132 133 134 -135 136 -137 138 -139 140 -141 142 -143 144
v 145 146 147 148 149 150 151 -152 153 -154 155 -156 157 -158 159 160 161 -162
v 163 -164 165 -166 167 -168 169 -170 171 172 -173 174 -175 176 -177 178 -179
v 180 -181 182 -183 184 -185 186 187 -188 189 -190 191 -192 193 -194 195 196
v 197 198 199 200 201 202 203 204 -205 206 -207 208 -209 210 -211 212 213 214
v -215 216 -217 218 219 -220 221 -222 223 -224 225 -226 227 -228 229 -230 231
v -232 233 -234 235 -236 237 -238 239 240 -241 242 -243 244 -245 246 247 248
v 249 250 251 252 253 254 255 256 257 -258 259 -260 261 -262 263 -264 265 -266
v 267 -268 269 -270 271 -272 273 -274 275 -276 277 278 279 280 281 282 283 284
v 285 286 287 288 289 290 -291 292 293 -294 295 -296 297 -298 299 300 -301 302
v -303 304 -305 306 -307 308 -309 310 -311 312 -313 314 -315 316 -317 318 -319
v 320 -321 322 323 324 325 326 327 328 329 330 331 332 333 334 335 336 337
v -338 339 -340 341 -342 343 -344 345 346 -347 348 -349 350 -351 352 -353 354
v -355 356 -357 358 -359 360 -361 362 -363 364 -365 366 -367 368 -369 370 371
v 372 373 -374 375 -376 377 -378 379 -380 381 -382 383 -384 385 -386 387 -388
v 389 -390 391 -392 393 -394 395 396 -397 398 399 -400 401 -402 403 -404 405
v -406 407 408 409 410 411 412 413 414 415 416 417 418 419 420 421 422 423 424
v 425 426 -427 428 -429 430 -431 432 -433 434 -435 436 -437 438 -439 440 -441
v 442 -443 444 -445 446 -447 448 -449 450 451 452 -453 454 -455 456 -457 458
v 459 460 461 462 463 464 465 466 467 468 469 470 471 472 473 474 475 476 477
v 478 479 -480 481 482 -483 484 -485 486 -487 488 -489 490 -491 492 -493 494
v -495 496 -497 498 -499 500 -501 502 -503 504 505 -506 507 508 509 510 511
v 512 513 514 515 516 517 518 519 520 521 522 523 524 525 526 527 528 -529 530
v -531 532 -533 534 535 536 537 538 539 540 541 542 543 544 545 546 547 548
v 549 550 551 552 553 554 555 556 557 558 559 -560 561 -562 563 -564 565 -566
v 567 -568 569 -570 571 -572 573 -574 575 -576 577 -578 579 -580 581 -582 583
v 584 585 586 -587 588 -589 590 -591 592 -593 594 -595 596 -597 598 -599 600
v -601 602 -603 604 -605 606 -607 608 -609 610 611 612 613 614 615 616 617 618
v 619 620 621 622 623 624 625 626 627 628 629 630 631 632 633 634 635 636 637
v 638 -639 640 -641 642 -643 644 -645 646 -647 648 -649 650 -651 652 653 654
v 655 -656 657 -658 659 -660 661 -662 663 664 -665 666 -667 668 -669 670 -671
v 672 -673 674 675 676 677 678 679 680 681 682 683 684 685 686 687 -688 689
v -690 691 -692 693 -694 695 696 697 698 699 700 701 702 703 704 -705 706 -707
v 708 -709 710 -711 712 -713 714 -715 716 717 -718 719 -720 721 -722 723 -724
v 725 -726 727 -728 729 -730 731 -732 733 -734 735 736 737 738 739 740 -741
v 742 743 744 -745 746 -747 748 -749 750 751 752 753 -754 755 -756 757 -758
v 759 -760 761 -762 763 -764 765 -766 767 -768 769 770 -771 772 773 774 775
v 776 777 778 779 780 781 782 783 784 785 786 787 -788 789 -790 791 -792 793
v -794 795 -796 797 -798 799 -800 801 -802 803 -804 805 -806 807 808 809 810
v 811 812 813 814 815 816 817 818 819 820 821 822 823 -824 825 826 827 828
v -829 830 -831 832 -833 834 -835 836 -837 838 -839 840 -841 842 -843 844 -845
v 846 -847 848 849 850 -851 852 -853 854 -855 856 -857 858 -859 860 -861 862
v -863 864 -865 866 -867 868 869 870 871 -872 873 -874 875 876 -877 878 -879
v 880 -881 882 -883 884 885 886 887 888 889 890 891 892 893 894 895 896 897
v 898 899 900 901 902 903 904 905 906 907 -908 -909 -910 911 -912 -913 914
v -915 -916 -917 918 -919 -920 921 922 -923 -924 -925 926 -927 928 929 -930
v 931 -932 -933 -934 935 936 -937 -938 -939 940 -941 -942 943 -944 945 -946
v -947 948 949 -950 -951 -952 953 -954 -955 956 -957 958 -959 -960 961 -962
v -963 -964 965 -966 -967 968 -969 970 -971 972 973 -974 -975 976 -977 978 979
v -980 981 982 -983 -984 985 986 -987 988 989 990 991 -992 -993 -994 995 -996
v -997 -998 -999 1000 -1001 -1002 1003 -1004 -1005 -1006 -1007 1008 -1009 1010
v -1011 -1012 -1013 -1014 -1015 -1016 -1017 1018 1019 1020 1021 1022 -1023
v -1024 -1025 -1026 -1027 -1028 -1029 1030 -1031 1032 1033 -1034 -1035 -1036
v 1037 0
c
c ---- [ profiling ] ---------------------------------------------------------
c
c           0.03   66.39 %  search
c           0.02   38.23 %  focused
c           0.01   28.07 %  stable
c           0.01   27.79 %  probe
c           0.01   27.79 %  simplify
c           0.01   18.71 %  vivify
c           0.00    5.89 %  sweep
c           0.00    4.75 %  parse
c           0.00    2.51 %  substitute
c           0.00    0.40 %  transitive
c           0.00    0.40 %  reduce
c           0.00    0.27 %  backbone
c           0.00    0.00 %  extend
c =============================================
c           0.04  100.00 %  total
c
c ---- [ statistics ] --------------------------------------------------------
c
c chronological:                           21                1 %  conflicts
c conflicts:                             1912            44357.83 per second
c decisions:                            13474                7.05 per conflict
c jumped_reasons:                      131438               38 %  propagations
c propagations:                        343770          7975362    per second
c queue_decisions:                      10979               81 %  decision
c random_decisions:                       233                2 %  decision
c random_sequences:                         1             1912    interval
c reductions:                               1             1912    interval
c rephased:                                 1             1912    interval
c restarts:                               255                7.50 interval
c score_decisions:                       2262               17 %  decision
c substituted:                             18                2 %  variables
c switched:                                 1             1912    interval
c vivified:                               246                6 %  checks
c vivify_checks:                         3929             3929    per vivify
c vivify_units:                             1                0 %  variables
c
c ---- [ resources ] ---------------------------------------------------------
c
c maximum-resident-set-size:       3942645760 bytes       3760 MB
c process-time:                                              0.04 seconds
c
c ---- [ shutting down ] -----------------------------------------------------
c
c exit 10
