c ---- [ banner ] ------------------------------------------------------------
c
c Kissat SAT Solver
c 
c Copyright (c) 2021-2023 Armin Biere University of Freiburg
c Copyright (c) 2019-2021 Armin Biere Johannes Kepler University Linz
c 
c Version 3.1.1 71caafb4d182ced9f76cef45b00f37cc598f2a37
c Apple clang version 14.0.3 (clang-1403.0.22.14.1) -W -Wall -O3 -DNDEBUG
c Mon Nov 6 15:40:16 EST 2023 Darwin GS21851.SP.CS.CMU.EDU 22.2.0 arm64
c
c ---- [ parsing ] -----------------------------------------------------------
c
c opened and reading DIMACS file:
c
c   cnfs/packit-11.cnf
c
c parsed 'p cnf 780 3919' header
c closing input after reading 80426 bytes (79 KB)
c finished parsing after 0.00 seconds
c
c ---- [ solving ] -----------------------------------------------------------
c
c  seconds switched conflicts irredundant variables
c         MB reductions redundant    trail   remaining
c          level restarts   binary      glue
c
c *  0.00  2 0 0 0  0   0   0 732 3186 0% 0 763 98%
c {  0.00  2 0 0 0  0   0   0 732 3186 0% 0 763 98%
c i  0.00  2 107 0 0  0   3   2 732 3186 19% 1 761 97%
c i  0.00  2 108 0 0  0   7   5 732 3186 21% 2 759 97%
c i  0.00  2 47 0 0  0  70  60 735 3186 24% 5 758 97%
c i  0.00  2 45 0 0  0  78  66 736 3186 24% 5 757 97%
c i  0.00  2 44 0 0  0  84  71 736 3186 25% 5 756 97%
c i  0.00  2 41 0 0  4 106  92 736 3186 30% 5 754 97%
c i  0.00  2 37 0 0  7 129 114 736 3186 33% 5 753 96%
c i  0.00  2 36 0 0  8 136 120 736 3186 33% 5 752 96%
c i  0.00  2 36 0 0 10 144 127 736 3186 34% 5 751 96%
c i  0.00  2 35 0 0 25 173 155 736 3186 37% 6 750 96%
c i  0.01  2 32 0 0 88 267 244 740 3186 39% 7 748 96%
c i  0.01  3 31 0 0 97 290 264 741 3185 39% 7 746 96%
c i  0.01  3 31 0 0 117 372 334 745 3183 40% 7 744 95%
c i  0.01  3 30 0 0 117 376 337 745 3183 40% 7 743 95%
c i  0.01  3 31 0 0 119 430 384 748 3182 41% 7 742 95%
c i  0.01  3 30 0 0 123 471 424 748 3182 41% 7 741 95%
c i  0.01  3 31 0 0 130 495 446 749 3182 42% 8 740 95%
c i  0.01  3 31 0 0 184 782 712 760 3176 46% 8 739 95%
c
c  seconds  switched conflicts  irredundant variables
c         MB reductions  redundant      trail   remaining
c          level restarts     binary       glue
c
c i  0.01  3 31 0 0 208 848 773 761 3176 46% 8 738 94%
c i  0.01  3 31 0 0 210 856 780 761 3176 46% 8 737 94%
c i  0.01  3 30 0 0 225 932 852 761 3176 47% 8 736 94%
c i  0.01  3 30 0 0 227 959 876 762 3175 47% 8 735 94%
c -  0.01  3 30 0 1 239 1002 555 689 3175 47% 8 735 94%
c }  0.01  3 30 1 1 239 1002 555 689 3175 47% 8 735 94%
c [  0.01  3 0 1 1 239 1002 555 689 3175 0% 0 735 94%
c B  0.01  3 0 1 1 239 1002 555 689 3175 0% 0 735 94%
c i  0.01  3 78 1 1 239 1091 636 694 3173 64% 9 722 92%
c i  0.01  3 60 1 1 239 1230 770 695 3172 80% 14 720 92%
c ]  0.01  3 59 1 1 239 1237 777 695 3172 80% 14 720 92%
c 1  0.01  3 30 1 1 239 1237 777 695 3172 47% 8 720 92%
c
c ---- [ result ] ------------------------------------------------------------
c
s SATISFIABLE
v -1 2 -3 4 -5 6 -7 8 9 -10 11 -12 13 -14 15 -16 17 -18 19 -20 21 -22 23 24
v -25 26 27 -28 29 -30 31 -32 33 -34 35 -36 37 -38 39 -40 41 -42 43 -44 45 -46
v 47 -48 49 -50 51 52 53 54 -55 56 -57 58 -59 60 -61 62 -63 64 -65 66 -67 68
v 69 -70 71 -72 73 -74 75 -76 77 -78 79 -80 81 -82 83 -84 85 -86 87 -88 89 90
v 91 92 -93 94 -95 96 97 -98 99 -100 101 -102 103 -104 105 -106 107 -108 109
v -110 111 -112 113 114 -115 116 -117 118 -119 120 -121 122 -123 124 -125 126
v -127 128 129 130 131 132 133 -134 135 -136 137 -138 139 -140 141 -142 143
v -144 145 146 147 148 149 150 151 152 -153 154 -155 156 -157 158 159 -160 161
v 162 -163 164 -165 166 -167 168 -169 170 -171 172 -173 174 -175 176 -177 178
v -179 180 181 182 -183 184 -185 186 -187 188 -189 190 191 -192 193 -194 195
v -196 197 -198 199 -200 201 -202 203 204 -205 206 -207 208 209 210 211 212
v 213 214 215 216 217 -218 219 -220 221 -222 223 -224 225 226 227 -228 229
v -230 231 232 -233 234 -235 236 -237 238 -239 240 -241 242 -243 244 -245 246
v -247 248 249 -250 251 252 253 254 255 256 257 258 259 260 261 262 -263 264
v -265 266 -267 268 -269 270 -271 272 -273 274 275 276 277 278 279 280 281 282
v 283 284 285 286 287 -288 289 -290 291 -292 293 294 295 -296 297 -298 299
v -300 301 -302 303 -304 305 -306 307 -308 309 -310 311 -312 313 -314 315 316
v 317 -318 319 -320 321 -322 323 324 -325 326 -327 328 -329 330 -331 332 -333
v 334 -335 336 -337 338 339 -340 341 -342 343 344 345 346 347 348 349 350 351
v 352 353 354 355 356 357 358 -359 360 361 362 -363 364 -365 366 -367 368 -369
v 370 -371 372 -373 374 -375 376 -377 378 -379 380 -381 382 383 384 385 386
v 387 388 389 390 391 392 393 394 395 396 397 398 399 400 401 -402 403 -404
v 405 406 407 -408 409 410 -411 412 -413 414 -415 416 -417 418 -419 420 -421
v 422 -423 424 -425 426 -427 428 429 -430 431 432 433 434 435 436 437 438 439
v 440 441 442 443 444 445 446 447 448 449 450 451 452 453 -454 455 -456 457
v -458 459 -460 461 -462 463 -464 465 -466 467 -468 469 -470 471 -472 473 474
v 475 476 477 478 479 480 481 482 483 484 485 486 487 488 489 490 491 492 493
v 494 495 -496 497 -498 499 -500 501 -502 503 -504 505 506 507 508 509 510 511
v 512 513 514 515 516 -517 518 519 -520 521 -522 523 -524 525 -526 527 -528
v 529 -530 531 -532 533 534 535 536 -537 538 -539 540 541 542 -543 544 -545
v 546 -547 548 -549 550 -551 552 -553 554 -555 556 -557 558 559 560 561 -562
v 563 564 565 566 567 568 569 570 571 572 573 574 575 576 577 -578 579 -580
v 581 -582 583 -584 585 -586 587 -588 589 -590 591 -592 593 -594 595 596 597
v 598 599 600 601 602 603 604 605 606 607 608 609 -610 611 -612 613 -614 615
v -616 617 -618 619 -620 621 -622 623 -624 625 -626 627 628 629 630 631 632
v -633 634 -635 636 -637 638 -639 640 -641 642 643 644 645 646 647 -648 649
v -650 651 -652 653 654 -655 656 -657 658 659 660 661 662 663 664 665 666 667
v -668 669 -670 671 -672 673 -674 675 676 677 -678 -679 -680 681 682 -683 -684
v -685 686 -687 -688 -689 690 691 692 693 694 695 696 -697 -698 -699 -700 -701
v -702 703 704 705 706 -707 -708 -709 -710 -711 -712 -713 714 715 -716 717
v -718 -719 -720 -721 722 -723 724 725 -726 727 -728 -729 -730 -731 732 -733
v 734 -735 736 -737 -738 -739 -740 741 -742 743 -744 745 -746 747 -748 749
v -750 751 752 -753 -754 -755 -756 -757 -758 -759 -760 -761 -762 -763 764 -765
v -766 -767 -768 -769 -770 -771 -772 -773 -774 775 776 777 778 -779 780 0
c
c ---- [ profiling ] ---------------------------------------------------------
c
c           0.01   88.16 %  search
c           0.01   74.51 %  focused
c           0.00   13.42 %  stable
c           0.00    9.37 %  parse
c           0.00    0.78 %  reduce
c           0.00    0.00 %  simplify
c =============================================
c           0.01  100.00 %  total
c
c ---- [ statistics ] --------------------------------------------------------
c
c chronological:                            2                0 %  conflicts
c conflicts:                             1237            74187.36 per second
c decisions:                            10137                8.19 per conflict
c jumped_reasons:                       47579               34 %  propagations
c propagations:                        138968          8334413    per second
c queue_decisions:                       9162               90 %  decision
c random_decisions:                       159                2 %  decision
c random_sequences:                         1             1237    interval
c reductions:                               1             1237    interval
c rephased:                                 1             1237    interval
c restarts:                               239                5.18 interval
c score_decisions:                        816                8 %  decision
c switched:                                 1             1237    interval
c vivify_checks:                            0                0    per vivify
c vivify_units:                             0                0 %  variables
c
c ---- [ resources ] ---------------------------------------------------------
c
c maximum-resident-set-size:       2969567232 bytes       2832 MB
c process-time:                                              0.01 seconds
c
c ---- [ shutting down ] -----------------------------------------------------
c
c exit 10
