c ---- [ banner ] ------------------------------------------------------------
c
c Kissat SAT Solver
c 
c Copyright (c) 2021-2023 Armin Biere University of Freiburg
c Copyright (c) 2019-2021 Armin Biere Johannes Kepler University Linz
c 
c Version 3.1.1 71caafb4d182ced9f76cef45b00f37cc598f2a37
c Apple clang version 14.0.3 (clang-1403.0.22.14.1) -W -Wall -O3 -DNDEBUG
c Mon Nov 6 15:40:16 EST 2023 Darwin GS21851.SP.CS.CMU.EDU 22.2.0 arm64
c
c ---- [ parsing ] -----------------------------------------------------------
c
c opened and reading DIMACS file:
c
c   cnfs/packit-10.cnf
c
c parsed 'p cnf 611 2795' header
c closing input after reading 55718 bytes (54 KB)
c finished parsing after 0.00 seconds
c
c ---- [ solving ] -----------------------------------------------------------
c
c  seconds switched conflicts irredundant variables
c         MB reductions redundant    trail   remaining
c          level restarts   binary      glue
c
c *  0.00  2 0 0 0  0   0   0 582 2212 0% 0 592 97%
c {  0.00  2 0 0 0  0   0   0 582 2212 0% 0 592 97%
c i  0.00  2 80 0 0  0   4   1 582 2212 18% 1 590 96%
c i  0.00  2 56 0 0  0   7   3 582 2212 17% 2 588 96%
c i  0.00  2 57 0 0  0  10   5 582 2212 22% 2 587 96%
c i  0.00  2 48 0 0  0  14   8 582 2212 25% 2 586 96%
c i  0.00  2 47 0 0  0  17  10 582 2212 28% 2 585 96%
c i  0.00  2 42 0 0  0  25  15 583 2211 33% 3 584 95%
c i  0.00  2 34 0 0  1  36  25 583 2211 37% 3 583 95%
c i  0.00  2 28 0 0 15  58  45 583 2211 38% 4 582 95%
c i  0.00  2 29 0 0 17  60  46 583 2211 38% 4 581 95%
c i  0.00  2 27 0 0 26  75  60 583 2211 38% 4 580 95%
c i  0.00  2 29 0 0 26  79  63 583 2211 40% 4 579 95%
c i  0.00  2 29 0 0 31  97  78 584 2210 43% 5 578 94%
c i  0.00  2 29 0 0 83 189 167 585 2209 48% 6 577 94%
c i  0.01  2 29 0 0 91 207 184 585 2209 50% 6 576 94%
c i  0.01  2 29 0 0 97 219 195 585 2209 49% 6 574 94%
c i  0.01  2 28 0 0 103 260 234 586 2209 49% 7 573 94%
c i  0.01  2 27 0 0 117 296 267 587 2209 49% 7 572 93%
c i  0.01  2 26 0 0 146 468 428 593 2207 51% 7 570 93%
c
c  seconds  switched conflicts  irredundant variables
c         MB reductions  redundant      trail   remaining
c          level restarts     binary       glue
c
c i  0.01  2 26 0 0 146 483 440 594 2206 51% 7 569 93%
c i  0.01  2 26 0 0 146 486 442 594 2206 51% 7 568 93%
c i  0.01  2 26 0 0 146 492 444 595 2206 51% 7 567 93%
c i  0.01  2 27 0 0 148 507 458 595 2206 51% 7 566 92%
c i  0.01  2 27 0 0 148 508 458 595 2206 51% 7 565 92%
c i  0.01  2 27 0 0 148 510 458 596 2205 51% 7 559 91%
c i  0.01  2 30 0 0 153 567 513 597 2205 53% 7 556 91%
c i  0.01  2 30 0 0 153 569 514 597 2205 54% 7 555 91%
c i  0.01  2 30 0 0 168 636 573 602 2203 54% 7 554 91%
c i  0.01  2 29 0 0 183 711 642 603 2202 55% 7 553 90%
c i  0.01  2 28 0 0 225 933 849 609 2197 56% 8 552 90%
c -  0.01  3 28 0 1 225 1000 568 511 2197 57% 8 552 90%
c }  0.01  3 28 1 1 225 1000 568 511 2197 57% 8 552 90%
c [  0.01  3 0 1 1 225 1000 568 511 2197 0% 0 552 90%
c B  0.01  3 40 1 1 225 1001 569 511 2197 90% 3 552 90%
c ]  0.01  3 62 1 1 225 1156 718 514 2197 76% 14 552 90%
c 1  0.01  3 28 1 1 225 1156 718 514 2197 57% 8 552 90%
c
c ---- [ result ] ------------------------------------------------------------
c
s SATISFIABLE
v -1 2 -3 4 5 6 7 -8 9 -10 11 -12 13 -14 15 -16 17 -18 19 -20 21 22 -23 24 -25
v 26 27 -28 29 -30 31 -32 33 -34 35 -36 37 -38 39 -40 41 -42 43 -44 45 -46 47
v -48 49 -50 51 -52 53 -54 55 -56 57 58 59 60 61 62 63 -64 65 -66 67 -68 69
v -70 71 -72 73 -74 75 -76 77 -78 79 80 -81 82 83 84 -85 86 -87 88 -89 90 -91
v 92 -93 94 -95 96 -97 98 99 -100 101 -102 103 104 -105 106 -107 108 -109 110
v 111 112 113 114 115 116 117 -118 119 -120 121 -122 123 -124 125 -126 127
v -128 129 -130 131 132 133 134 135 136 137 138 139 140 -141 142 -143 144 145
v -146 147 -148 149 150 -151 152 -153 154 -155 156 -157 158 -159 160 -161 162
v -163 164 -165 166 -167 168 169 170 171 172 173 174 175 176 177 178 179 -180
v 181 -182 183 -184 185 186 -187 188 -189 190 -191 192 -193 194 -195 196 -197
v 198 -199 200 -201 202 203 -204 205 -206 207 -208 209 210 211 212 213 214 215
v 216 217 218 219 220 221 222 -223 224 -225 226 227 -228 229 230 -231 232 -233
v 234 -235 236 -237 238 -239 240 -241 242 -243 244 -245 246 -247 248 249 250
v 251 252 253 254 255 256 257 258 259 260 261 262 263 -264 265 -266 267 268
v 269 -270 271 -272 273 -274 275 -276 277 -278 279 -280 281 -282 283 -284 285
v -286 287 288 289 290 -291 292 -293 294 -295 296 -297 298 -299 300 -301 302
v -303 304 -305 306 -307 308 309 -310 311 312 313 314 315 316 317 318 319 320
v 321 322 323 324 325 326 -327 328 -329 330 -331 332 333 334 335 336 337 338
v 339 340 341 342 343 344 345 346 347 348 349 350 -351 352 -353 354 -355 356
v -357 358 -359 360 -361 362 -363 364 365 -366 367 -368 369 -370 371 372 373
v 374 375 376 377 378 379 380 381 382 383 384 385 386 387 388 389 390 391 -392
v 393 -394 395 -396 397 -398 399 -400 401 -402 403 -404 405 -406 407 -408 409
v 410 -411 412 -413 414 415 416 417 418 419 420 421 422 423 424 425 -426 427
v -428 429 -430 431 432 -433 434 -435 436 -437 438 439 440 441 -442 443 -444
v 445 -446 447 -448 449 -450 451 -452 453 -454 455 456 457 458 459 460 461 462
v 463 464 465 466 -467 468 -469 470 -471 472 473 -474 475 -476 477 -478 479
v -480 481 -482 483 484 485 486 -487 488 -489 490 -491 492 493 494 -495 496
v -497 498 -499 500 -501 502 -503 504 -505 506 -507 508 -509 510 511 512 513
v 514 515 516 517 518 519 520 521 522 523 524 525 526 527 -528 529 -530 531
v -532 533 534 -535 -536 537 538 539 -540 541 542 543 544 -545 546 547 -548
v 549 550 -551 552 553 554 -555 556 557 558 559 560 -561 562 563 -564 -565
v -566 567 568 569 -570 571 572 573 574 -575 576 577 -578 579 580 581 582 583
v 584 -585 586 587 588 589 -590 591 592 593 594 595 -596 -597 598 -599 -600
v -601 602 603 604 605 606 607 608 609 -610 -611 0
c
c ---- [ profiling ] ---------------------------------------------------------
c
c           0.01   90.93 %  search
c           0.01   83.42 %  focused
c           0.00    7.28 %  stable
c           0.00    6.61 %  parse
c           0.00    0.90 %  reduce
c           0.00    0.00 %  simplify
c =============================================
c           0.02  100.00 %  total
c
c ---- [ statistics ] --------------------------------------------------------
c
c conflicts:                             1156            65189.20 per second
c decisions:                             8911                7.71 per conflict
c jumped_reasons:                       38074               35 %  propagations
c propagations:                        110080          6207635    per second
c queue_decisions:                       8164               92 %  decision
c random_decisions:                       247                3 %  decision
c random_sequences:                         1             1156    interval
c reductions:                               1             1156    interval
c rephased:                                 1             1156    interval
c restarts:                               225                5.14 interval
c score_decisions:                        500                6 %  decision
c switched:                                 1             1156    interval
c vivify_checks:                            0                0    per vivify
c vivify_units:                             0                0 %  variables
c
c ---- [ resources ] ---------------------------------------------------------
c
c maximum-resident-set-size:       2986344448 bytes       2848 MB
c process-time:                                              0.02 seconds
c
c ---- [ shutting down ] -----------------------------------------------------
c
c exit 10
